0 0.6825657894736842 0.5731907894736842 0.049342105263157895 0.041118421052631575
0 0.790296052631579 0.5032894736842105 0.041118421052631575 0.029605263157894735
0 0.9087171052631579 0.42351973684210514 0.03782894736842105 0.03453947368421052
0 0.8766447368421052 0.894736842105263 0.013157894736842105 0.01644736842105263
0 0.8865131578947368 0.928453947368421 0.009868421052631578 0.011513157894736841
0 0.48601973684210503 0.928453947368421 0.018092105263157895 0.018092105263157895
0 0.4851973684210526 0.894736842105263 0.019736842105263157 0.019736842105263157
0 0.6060855263157895 0.8495065789473684 0.014802631578947368 0.014802631578947368
0 0.6027960526315789 0.8141447368421053 0.014802631578947368 0.013157894736842105
0 0.7796052631578947 0.9646381578947368 0.013157894736842105 0.011513157894736841
0 0.6496710526315789 0.9893092105263157 0.009868421052631578 0.014802631578947368
0 0.6307565789473684 0.919407894736842 0.011513157894736841 0.009868421052631578
0 0.622532894736842 0.8889802631578949 0.011513157894736841 0.014802631578947368
0 0.4827302631578947 0.8569078947368419 0.018092105263157895 0.013157894736842105
0 0.47779605263157904 0.8248355263157894 0.011513157894736841 0.014802631578947368
0 0.4745065789473684 0.7837171052631577 0.011513157894736841 0.011513157894736841
0 0.75 0.7820723684210525 0.019736842105263157 0.014802631578947368
0 0.7458881578947367 0.8116776315789475 0.014802631578947368 0.011513157894736841
0 0.7467105263157896 0.8495065789473684 0.013157894736842105 0.011513157894736841
0 0.7590460526315789 0.8914473684210525 0.014802631578947368 0.01644736842105263
0 0.7722039473684211 0.9333881578947368 0.014802631578947368 0.018092105263157895
0 0.8675986842105262 0.8182565789473685 0.018092105263157895 0.011513157894736841
0 0.8758223684210525 0.8519736842105262 0.011513157894736841 0.013157894736842105
