0 0.8889802631578949 0.03125 0.018092105263157895 0.019736842105263157
0 0.9136513157894737 0.0805921052631579 0.021381578947368418 0.019736842105263157
0 0.5296052631578946 0.234375 0.023026315789473683 0.02796052631578947
0 0.5550986842105263 0.28289473684210525 0.018092105263157895 0.02631578947368421
0 0.5822368421052632 0.3314144736842105 0.019736842105263157 0.024671052631578948
0 0.5904605263157895 0.4259868421052631 0.019736842105263157 0.023026315789473683
0 0.40707236842105265 0.5493421052631579 0.018092105263157895 0.02631578947368421
0 0.38240131578947373 0.5016447368421051 0.018092105263157895 0.019736842105263157
0 0.3577302631578947 0.4465460526315789 0.018092105263157895 0.014802631578947368
0 0.33059210526315785 0.3963815789473684 0.019736842105263157 0.01644736842105263
0 0.3067434210526316 0.3495065789473684 0.018092105263157895 0.021381578947368418
0 0.28042763157894735 0.29934210526315785 0.018092105263157895 0.01644736842105263
0 0.25246710526315785 0.2450657894736842 0.021381578947368418 0.02631578947368421
0 0.22615131578947362 0.19490131578947367 0.021381578947368418 0.021381578947368418
0 0.20394736842105263 0.14720394736842105 0.01644736842105263 0.014802631578947368
0 0.14967105263157893 0.049342105263158076 0.023026315789473683 0.019736842105263157
0 0.009046052631578948 0.2294407894736842 0.014802631578947368 0.018092105263157895
0 0.029605263157894735 0.28125 0.019736842105263157 0.01644736842105263
0 0.0493421052631579 0.3379934210526316 0.019736842105263164 0.021381578947368418
0 0.10361842105263157 0.4202302631578947 0.02631578947368421 0.021381578947368418
0 0.12746710526315788 0.47039473684210525 0.021381578947368418 0.023026315789473683
0 0.15625 0.5205592105263157 0.019736842105263157 0.021381578947368418
0 0.09128289473684212 0.7286184210526315 0.018092105263157895 0.019736842105263157
0 0.11513157894736842 0.7820723684210525 0.019736842105263157 0.021381578947368418
0 0.14226973684210525 0.8330592105263156 0.024671052631578948 0.021381578947368418
0 0.16694078947368418 0.881578947368421 0.02796052631578947 0.019736842105263157
0 0.5090460526315789 0.9490131578947368 0.021381578947368418 0.01644736842105263
0 0.7730263157894738 0.9802631578947372 0.019736842105263157 0.01644736842105263
