0 0.8388157894736844 0.9473684210526315 0.026315789473684396 0.02631578947368421
0 0.84375 0.8486842105263157 0.01644736842105263 0.039473684210526314
0 0.8429276315789469 0.7582236842105263 0.02467105263157876 0.02631578947368421
0 0.8429276315789473 0.6652960526315789 0.021381578947368605 0.018092105263157895
0 0.8412828947368421 0.5674342105263157 0.02467105263157876 0.029605263157894735
0 0.8404605263157893 0.4745065789473684 0.023026315789473683 0.024671052631578948
0 0.8388157894736844 0.37828947368421056 0.023026315789473683 0.023026315789473683
0 0.8404605263157893 0.28289473684210525 0.023026315789473683 0.023026315789473683
0 0.8396381578947366 0.18832236842105263 0.021381578947368418 0.024671052631578948
0 0.8281249999999998 0.07976973684210525 0.018092105263157895 0.024671052631578948
0 0.07894736842105281 0.9432565789473684 0.01644736842105263 0.014802631578947368
0 0.07894736842105281 0.8577302631578949 0.019736842105263157 0.014802631578947368
0 0.07894736842105281 0.7689144736842104 0.01644736842105263 0.014802631578947368
0 0.07730263157894736 0.6866776315789472 0.019736842105263157 0.05427631578947368
0 0.07648026315789473 0.591282894736842 0.018092105263157895 0.014802631578947368
0 0.07730263157894736 0.5032894736842105 0.019736842105263157 0.019736842105263157
0 0.07483552631578946 0.412828947368421 0.018092105263157895 0.019736842105263157
0 0.08634868421052631 0.328125 0.014802631578947368 0.014802631578947368
0 0.07648026315789473 0.23766447368421045 0.018092105263157895 0.014802631578947368
0 0.0756578947368421 0.14967105263157893 0.019736842105263157 0.013157894736842105
