0 0.5995065789473684 0.1439144736842105 0.06085526315789473 0.041118421052631575
0 0.5213815789473684 0.18914473684210506 0.049342105263157895 0.042763157894736836
0 0.4202302631578947 0.20476973684210525 0.05427631578947368 0.05098684210526316
0 0.5476973684210527 0.6291118421052633 0.042763157894736836 0.021381578947368418
0 0.33634868421052627 0.6949013157894738 0.06414473684210525 0.041118421052631575
0 0.7845394736842105 0.8782894736842101 0.029605263157894735 0.02631578947368421
0 0.7919407894736842 0.9424342105263162 0.018092105263157895 0.019736842105263157
0 0.2606907894736842 0.9654605263157894 0.02796052631578947 0.019736842105263157
0 0.2713815789473684 0.9087171052631579 0.029605263157894735 0.024671052631578948
0 0.33223684210526316 0.7582236842105263 0.02631578947368421 0.01644736842105263
0 0.3289473684210526 0.8116776315789471 0.019736842105263157 0.018092105263157895
0 0.40871710526315785 0.7697368421052632 0.02796052631578947 0.01644736842105263
0 0.3026315789473684 0.8577302631578947 0.03289473684210526 0.018092105263157895
