0 0.029605263157894735 0.8141447368421052 0.019736842105263157 0.02631578947368421
0 0.05674342105263176 0.8651315789473684 0.018092105263157895 0.019736842105263157
0 0.08141447368421052 0.9144736842105262 0.021381578947368418 0.019736842105263157
0 0.34786184210526316 0.6595394736842105 0.014802631578947368 0.019736842105263157
0 0.32072368421052627 0.6101973684210525 0.019736842105263157 0.019736842105263157
0 0.2976973684210526 0.5592105263157895 0.01644736842105263 0.019736842105263157
0 0.2738486842105263 0.5082236842105263 0.018092105263157895 0.01644736842105263
0 0.22286184210526314 0.40625000000000006 0.014802631578947368 0.01644736842105263
0 0.24671052631578946 0.4580592105263159 0.019736842105263157 0.021381578947368418
0 0.1957236842105263 0.3585526315789473 0.01644736842105263 0.023026315789473683
0 0.17351973684210525 0.30921052631578944 0.018092105263157895 0.019736842105263157
0 0.07072368421052631 0.09210526315789473 0.01644736842105263 0.01644736842105263
0 0.044407894736842105 0.044407894736842105 0.019736842105263157 0.019736842105263157
0 0.3429276315789475 0.046875 0.018092105263157895 0.014802631578947368
0 0.35197368421052627 0.10197368421052631 0.013157894736842105 0.013157894736842105
0 0.3782894736842107 0.15542763157894737 0.013157894736842105 0.014802631578947368
0 0.4037828947368421 0.2080592105263158 0.014802631578947368 0.018092105263157895
0 0.4309210526315789 0.2590460526315789 0.01644736842105263 0.018092105263157895
0 0.45230263157894735 0.31085526315789475 0.013157894736842105 0.013157894736842105
0 0.48026315789473684 0.36101973684210525 0.01644736842105263 0.018092105263157895
0 0.5032894736842105 0.4120065789473684 0.013157894736842105 0.018092105263157895
0 0.5287828947368423 0.4605263157894737 0.014802631578947368 0.01644736842105263
0 0.5550986842105261 0.5106907894736843 0.014802631578947368 0.018092105263157895
0 0.6949013157894738 0.009868421052631578 0.014802631578947368 0.013157894736842105
0 0.7105263157894737 0.061677631578947366 0.01644736842105263 0.018092105263157895
0 0.7261513157894737 0.11842105263157894 0.014802631578947368 0.01644736842105263
0 0.8955592105263157 0.02631578947368421 0.011513157894736841 0.013157894736842105
0 0.9120065789473684 0.07812500000000001 0.011513157894736841 0.011513157894736841
0 0.9251644736842105 0.1299342105263158 0.014802631578947368 0.013157894736842105
0 0.9424342105263162 0.18585526315789472 0.013157894736842105 0.013157894736842105
0 0.974506578947368 0.24588815789473684 0.011513157894736841 0.011513157894736841
0 0.6817434210526315 0.9481907894736842 0.011513157894736841 0.014802631578947368
0 0.9712171052631575 0.9917763157894737 0.018092105263157895 0.013157894736842105
0 0.9424342105263162 0.944078947368421 0.01644736842105263 0.013157894736842105
