0 0.4884868421052631 0.09950657894736842 0.14473684210526316 0.07401315789473684
0 0.7310855263157894 0.010690789473684117 0.15296052631578946 0.021381578947368234
0 0.015625 0.7113486842105264 0.014802631578947368 0.014802631578947368
0 0.30838815789473684 0.9580592105263157 0.014802631578947368 0.011513157894736841
0 0.26233552631578944 0.9934210526315789 0.011513157894736841 0.009868421052631578
0 0.8741776315789469 0.9490131578947368 0.024671052631578948 0.01644736842105263
0 0.912006578947368 0.9185855263157894 0.02796052631578947 0.018092105263157895
0 0.9432565789473684 0.888980263157895 0.024671052631578948 0.014802631578947368
0 0.9843750000000003 0.8585526315789473 0.018092105263157895 0.013157894736842105
0 0.7261513157894737 0.7861842105263157 0.018092105263157895 0.013157894736842105
0 0.763157894736842 0.7549342105263157 0.019736842105263157 0.009868421052631578
0 0.8042763157894737 0.7245065789473681 0.023026315789473683 0.011513157894736841
0 0.8404605263157894 0.7014802631578947 0.029605263157894735 0.014802631578947368
0 0.8840460526315785 0.6751644736842105 0.03125 0.014802631578947368
0 0.9695723684210522 0.6282894736842105 0.021381578947368418 0.01644736842105263
0 0.6677631578947368 0.5608552631578947 0.02631578947368421 0.01644736842105263
0 0.7023026315789473 0.5337171052631579 0.02631578947368421 0.014802631578947368
0 0.7376644736842105 0.5098684210526315 0.024671052631578948 0.013157894736842105
0 0.8248355263157896 0.4588815789473684 0.021381578947368418 0.01644736842105263
0 0.7853618421052632 0.48684210526315785 0.024671052631578948 0.013157894736842105
0 0.8626644736842105 0.43338815789473684 0.018092105263157895 0.014802631578947368
0 0.8889802631578947 0.4095394736842105 0.021381578947368418 0.013157894736842105
0 0.925986842105263 0.3840460526315789 0.02631578947368421 0.011513157894736841
0 0.9671052631578947 0.35855263157894735 0.02631578947368421 0.013157894736842105
0 0.9925986842105262 0.3355263157894737 0.011513157894736841 0.013157894736842105
0 0.9572368421052627 0.12335526315789473 0.019736842105263157 0.013157894736842105
0 0.8305921052631579 0.1981907894736842 0.01644736842105263 0.014802631578947368
0 0.7968750000000001 0.21710526315789472 0.021381578947368418 0.01644736842105263
0 0.638157894736842 0.31414473684210525 0.02631578947368421 0.01644736842105263
0 0.600328947368421 0.3355263157894737 0.02631578947368421 0.01644736842105263
0 0.6768092105263157 0.2902960526315789 0.024671052631578948 0.014802631578947368
0 0.39309210526315785 0.2220394736842105 0.023026315789473683 0.01644736842105263
0 0.35608552631578944 0.24424342105263155 0.018092105263157895 0.011513157894736841
0 0.3182565789473684 0.26726973684210525 0.014802631578947368 0.018092105263157895
0 0.2730263157894737 0.2828947368421051 0.013157894736842105 0.01644736842105263
0 0.22532894736842105 0.2845394736842105 0.013157894736842105 0.013157894736842105
0 0.29276315789473684 0.046875 0.019736842105263157 0.018092105263157895
0 0.22368421052631576 0.0962171052631579 0.029605263157894735 0.018092105263157895
0 0.38322368421052627 0.4350328947368421 0.029605263157894735 0.024671052631578948
0 0.3733552631578947 0.47368421052631576 0.01644736842105263 0.01644736842105263
0 0.3371710526315789 0.506578947368421 0.01644736842105263 0.013157894736842105
0 0.296875 0.5411184210526314 0.021381578947368418 0.013157894736842105
0 0.25164473684210525 0.5773026315789473 0.019736842105263157 0.019736842105263157
0 0.3848684210526316 0.7294407894736842 0.019736842105263157 0.018092105263157895
