0 0.014802631578947368 0.9210526315789473 0.019736842105263157 0.01644736842105263
0 0.050164473684210335 0.8856907894736842 0.018092105263157895 0.014802631578947368
0 0.07483552631578946 0.8486842105263157 0.024671052631578948 0.013157894736842105
0 0.08799342105263157 0.8092105263157894 0.024671052631578948 0.013157894736842105
0 0.11184210526315788 0.7705592105263159 0.019736842105263157 0.014802631578947368
0 0.12911184210526316 0.7310855263157894 0.02796052631578947 0.014802631578947368
0 0.14226973684210506 0.6924342105263157 0.024671052631578948 0.013157894736842105
0 0.15213815789473684 0.6529605263157895 0.014802631578947368 0.013157894736842105
0 0.18667763157894735 0.6126644736842105 0.021381578947368418 0.014802631578947368
0 0.2064144736842105 0.5723684210526315 0.021381578947368418 0.013157894736842105
0 0.22368421052631576 0.5353618421052632 0.023026315789473683 0.014802631578947368
0 0.08963815789473684 0.1907894736842105 0.024671052631578948 0.013157894736842105
0 0.03618421052631579 0.2154605263157894 0.023026315789473683 0.01644736842105263
0 0.015625 0.256578947368421 0.018092105263157895 0.013157894736842105
