0 0.4095394736842105 0.48190789473684215 0.023026315789473683 0.019736842105263157
0 0.43667763157894723 0.5370065789473684 0.021381578947368418 0.024671052631578948
0 0.46546052631578944 0.5838815789473684 0.019736842105263157 0.01644736842105263
0 0.8618421052631579 0.8141447368421052 0.019736842105263157 0.02631578947368421
0 0.8889802631578949 0.8651315789473684 0.018092105263157895 0.019736842105263157
0 0.9136513157894737 0.9144736842105262 0.021381578947368418 0.019736842105263157
0 0.9029605263157894 0.09210526315789473 0.01644736842105263 0.01644736842105263
0 0.8766447368421052 0.044407894736842105 0.019736842105263157 0.019736842105263157
0 0.20394736842105263 0.9810855263157894 0.01644736842105263 0.014802631578947368
0 0.14967105263157893 0.8832236842105264 0.023026315789473683 0.019736842105263157
