0 0.2113486842105263 0.14309210526315788 0.024671052631578948 0.02631578947368421
0 0.17763157894736842 0.11924342105263157 0.02631578947368421 0.021381578947368418
0 0.1356907894736842 0.08717105263157894 0.024671052631578948 0.019736842105263157
0 0.09950657894736842 0.0805921052631579 0.021381578947368418 0.019736842105263157
0 0.004934210526315742 0.018914473684210526 0.009868421052631485 0.014802631578947364
0 0.03453947368421052 0.02713815789473684 0.01644736842105263 0.014802631578947368
0 0.047697368421052815 0.0493421052631579 0.013157894736842105 0.019736842105263164
0 0.08634868421052631 0.05756578947368421 0.018092105263157895 0.01644736842105263
0 0.009046052631578948 0.412828947368421 0.018092105263157895 0.019736842105263157
0 0.02713815789473684 0.4358552631578947 0.014802631578947368 0.013157894736842105
0 0.06414473684210507 0.4449013157894737 0.019736842105263157 0.018092105263157895
0 0.07976973684210525 0.46792763157894723 0.018092105263157895 0.018092105263157895
0 0.11430921052631578 0.47121710526315785 0.018092105263157895 0.014802631578947368
0 0.1299342105263158 0.49588815789473684 0.019736842105263157 0.014802631578947368
0 0.1669407894736842 0.5024671052631579 0.018092105263157895 0.011513157894736841
0 0.17845394736842124 0.5279605263157895 0.014802631578947368 0.019736842105263157
0 0.21217105263157876 0.5411184210526316 0.02631578947368421 0.013157894736842105
0 0.21875 0.5682565789473684 0.019736842105263157 0.014802631578947368
0 0.2475328947368419 0.5838815789473683 0.024671052631578948 0.01644736842105263
0 0.24671052631578946 0.6085526315789473 0.023026315789473683 0.01644736842105263
0 0.2730263157894737 0.6299342105263157 0.023026315789473683 0.013157894736842105
0 0.011513157894736841 0.9300986842105262 0.019736842105263157 0.014802631578947368
0 0.015625 0.9555921052631579 0.018092105263157895 0.01644736842105263
0 0.04523026315789473 0.9753289473684212 0.021381578947368418 0.01644736842105263
0 0.23273026315789472 0.8297697368421052 0.024671052631578948 0.021381578947368418
0 0.20723684210526314 0.796875 0.023026315789473683 0.014802631578947368
0 0.171875 0.7541118421052632 0.024671052631578948 0.014802631578947368
