0 0.26809210526315785 0.09457236842105263 0.05921052631578947 0.034539473684210516
0 0.2006578947368421 0.1866776315789474 0.06907894736842105 0.03453947368421052
0 0.1069078947368421 0.2870065789473684 0.06907894736842105 0.021381578947368418
0 0.033717105263157895 0.38157894736842096 0.06743421052631579 0.019736842105263157
0 0.319078947368421 0.9851973684210525 0.039473684210526314 0.02631578947368421
0 0.36430921052631576 0.9342105263157894 0.03125 0.029605263157894735
0 0.421875 0.8741776315789473 0.03453947368421052 0.02796052631578947
0 0.4564144736842105 0.8273026315789471 0.041118421052631575 0.023026315789473683
0 0.5008223684210527 0.7664473684210527 0.03782894736842105 0.029605263157894735
0 0.5542763157894737 0.712171052631579 0.039473684210526314 0.029605263157894735
0 0.5986842105263157 0.6513157894736843 0.02631578947368421 0.03618421052631579
0 0.6447368421052632 0.5945723684210525 0.029605263157894735 0.03453947368421052
0 0.6907894736842105 0.5361842105263157 0.03618421052631579 0.03289473684210526
0 0.7425986842105263 0.47615131578947384 0.03453947368421052 0.03453947368421052
0 0.7919407894736842 0.412828947368421 0.021381578947368418 0.042763157894736836
0 0.8314144736842103 0.3667763157894737 0.041118421052631575 0.029605263157894735
0 0.8807565789473684 0.30098684210526316 0.041118421052631575 0.03289473684210526
0 0.9317434210526315 0.24917763157894735 0.03782894736842105 0.03453947368421052
0 0.981907894736842 0.18421052631578946 0.03289473684210526 0.03618421052631579
