0 0.5896381578947368 0.018092105263157895 0.03782894736842105 0.03618421052631579
0 0.5205592105263157 0.09786184210526315 0.04769736842105263 0.021381578947368418
0 0.4827302631578947 0.15707236842105263 0.05098684210526316 0.018092105263157895
0 0.43338815789473684 0.2014802631578949 0.03453947368421052 0.041118421052631575
0 0.3922697368421053 0.2574013157894737 0.05756578947368421 0.014802631578947368
0 0.34868421052631576 0.3075657894736844 0.046052631578947366 0.019736842105263157
0 0.22532894736842105 0.4514802631578947 0.039473684210526314 0.03782894736842105
0 0.17845394736842105 0.5139802631578947 0.044407894736842105 0.03453947368421052
0 0.12911184210526316 0.5641447368421052 0.05098684210526316 0.023026315789473683
0 0.01726973684210526 0.7351973684210524 0.03125 0.029605263157894735
0 0.04029605263157895 0.682565789473684 0.05098684210526315 0.013157894736842105
0 0.09375 0.6175986842105263 0.029605263157894725 0.04769736842105263
0 0.4934210526315789 0.9588815789473684 0.049342105263157895 0.029605263157894735
0 0.5402960526315789 0.9054276315789473 0.03453947368421052 0.03453947368421052
0 0.591282894736842 0.8388157894736843 0.02796052631578947 0.036184210526315604
0 0.6398026315789472 0.7902960526315789 0.049342105263157895 0.024671052631578948
0 0.6776315789473685 0.7360197368421052 0.039473684210526314 0.03453947368421052
0 0.7286184210526315 0.6718750000000001 0.049342105263157895 0.021381578947368418
0 0.8042763157894735 0.606907894736842 0.05592105263157894 0.01644736842105263
0 0.8519736842105262 0.5509868421052632 0.03289473684210526 0.039473684210526314
0 0.8972039473684208 0.5041118421052632 0.03125 0.03453947368421052
0 0.981907894736842 0.3651315789473684 0.03289473684210526 0.039473684210526314
