0 0.2425986842105263 0.5238486842105264 0.04769736842105263 0.02796052631578947
0 0.203125 0.5773026315789473 0.05098684210526313 0.023026315789473683
0 0.15542763157894737 0.6315789473684209 0.05098684210526316 0.019736842105263157
0 0.08963815789473684 0.6710526315789473 0.04111842105263159 0.029605263157894735
0 0.022203947368421045 0.709703947368421 0.03782894736842106 0.03125
0 0.9391447368421052 0.2870065789473684 0.06907894736842105 0.021381578947368418
0 0.8643092105263157 0.38157894736842096 0.07072368421052631 0.019736842105263157
0 0.7894736842105263 0.47697368421052627 0.07894736842105263 0.019736842105263157
0 0.7146381578947368 0.5674342105263157 0.05098684210526316 0.05263157894736842
0 0.7220394736842104 0.6842105263157894 0.03618421052631579 0.03289473684210526
0 0.6784539473684211 0.7376644736842105 0.024671052631578948 0.03453947368421052
0 0.6315789473684209 0.790296052631579 0.042763157894736836 0.03453947368421052
0 0.5896381578947368 0.8495065789473684 0.03782894736842105 0.03782894736842105
0 0.5205592105263157 0.9300986842105262 0.04769736842105263 0.021381578947368418
0 0.4827302631578947 0.9893092105263157 0.05098684210526316 0.018092105263157895
