0 0.5304276315789473 0.21628289473684228 0.07401315789473684 0.05427631578947368
0 0.20476973684210525 0.7960526315789473 0.02796052631578947 0.023026315789473683
0 0.1899671052631579 0.7171052631578947 0.021381578947368418 0.019736842105263157
0 0.18256578947368424 0.6521381578947368 0.023026315789473683 0.018092105263157895
0 0.18421052631578946 0.6842105263157894 0.023026315789473683 0.013157894736842105
0 0.23026315789473684 0.8223684210526312 0.023026315789473683 0.019736842105263157
0 0.23930921052631576 0.8511513157894737 0.021381578947368418 0.014802631578947368
0 0.19654605263157893 0.7508223684210525 0.018092105263157895 0.018092105263157895
0 0.6480263157894737 0.8453947368421052 0.0625 0.049342105263157895
0 0.6365131578947368 0.9243421052631582 0.05592105263157894 0.049342105263157895
0 0.6365131578947368 0.9860197368421052 0.049342105263157895 0.024671052631578948
0 0.4473684210526315 0.7779605263157894 0.023026315789473683 0.019736842105263157
0 0.44819078947368407 0.8133223684210525 0.024671052631578948 0.024671052631578948
0 0.4539473684210526 0.8462171052631579 0.029605263157894735 0.021381578947368605
0 0.44983552631578944 0.8766447368421052 0.03125 0.023026315789473683
0 0.4506578947368421 0.9087171052631579 0.03289473684210526 0.021381578947368418
0 0.45230263157894746 0.9399671052631582 0.02631578947368421 0.018092105263157895
0 0.44983552631578944 0.9712171052631575 0.024671052631578948 0.018092105263157895
0 0.768092105263158 0.591282894736842 0.08223684210526315 0.09703947368421052
0 0.769736842105263 0.4251644736842105 0.08881578947368421 0.1069078947368421
0 0.9547697368421052 0.39309210526315785 0.014802631578947368 0.02631578947368421
0 0.9580592105263157 0.4251644736842105 0.018092105263157895 0.021381578947368418
0 0.9226973684210525 0.004934210526315789 0.019736842105263157 0.009868421052631578
0 0.9177631578947368 0.03536184210526316 0.023026315789473683 0.014802631578947368
0 0.9169407894736843 0.06743421052631579 0.018092105263157895 0.01644736842105263
0 0.9161184210526315 0.09703947368421052 0.01644736842105263 0.023026315789473683
0 0.9177631578947368 0.2557565789473684 0.023026315789473683 0.024671052631578948
0 0.919407894736842 0.22121710526315788 0.023026315789473683 0.02796052631578947
