0 0.3215460526315789 0.22615131578947362 0.021381578947368418 0.021381578947368418
0 0.29851973684210525 0.259046052631579 0.021381578947368418 0.021381578947368418
0 0.26233552631578944 0.3075657894736842 0.024671052631578948 0.023026315789473683
0 0.2557565789473684 0.34621710526315785 0.02796052631578947 0.021381578947368418
0 0.24835526315789472 0.39309210526315785 0.023026315789473683 0.019736842105263157
0 0.2475328947368419 0.43174342105263164 0.018092105263157895 0.021381578947368418
0 0.23108552631578946 0.48601973684210503 0.018092105263157895 0.024671052631578948
0 0.22779605263157893 0.5246710526315789 0.021381578947368418 0.02631578947368421
0 0.21546052631578946 0.5699013157894739 0.023026315789473683 0.021381578947368418
0 0.20476973684210525 0.615953947368421 0.021381578947368418 0.02796052631578947
0 0.1875 0.6595394736842105 0.01644736842105263 0.03289473684210526
0 0.17598684210526314 0.7146381578947368 0.01644736842105263 0.021381578947368418
0 0.1595394736842105 0.7508223684210525 0.019736842105263157 0.021381578947368418
0 0.15049342105263158 0.8059210526315789 0.018092105263157895 0.019736842105263157
0 0.13404605263157893 0.8379934210526315 0.018092105263157895 0.018092105263157895
0 0.13733552631578946 0.8815789473684212 0.018092105263157895 0.01644736842105263
0 0.13404605263157893 0.9276315789473681 0.018092105263157895 0.019736842105263157
0 0.140625 0.9745065789473681 0.018092105263157895 0.021381578947368418
0 0.7705592105263157 0.021381578947368418 0.024671052631578948 0.029605263157894735
0 0.7894736842105263 0.08470394736842103 0.023026315789473683 0.02796052631578947
0 0.7911184210526315 0.12500000000000003 0.019736842105263157 0.02631578947368421
0 0.794407894736842 0.1751644736842105 0.03289473684210526 0.02796052631578947
0 0.7911184210526315 0.21299342105263155 0.029605263157894735 0.024671052631578948
0 0.7861842105263157 0.265625 0.02631578947368421 0.024671052631578948
0 0.78125 0.4745065789473684 0.02631578947368421 0.024671052631578948
0 0.8338815789473681 0.5337171052631576 0.02631578947368421 0.021381578947368418
0 0.8799342105263162 0.5838815789473683 0.023026315789473683 0.02631578947368421
0 0.9309210526315793 0.6430921052631579 0.02631578947368421 0.02631578947368421
0 0.9777960526315793 0.7055921052631579 0.02796052631578947 0.029605263157894735
