0 0.78125 0.015625 0.029605263157894735 0.018092105263157895
0 0.8059210526315789 0.05263157894736842 0.029605263157894735 0.01644736842105263
0 0.8166118421052629 0.08223684210526315 0.021381578947368418 0.013157894736842105
0 0.84375 0.09786184210526315 0.019736842105263157 0.014802631578947368
0 0.8478618421052632 0.12335526315789473 0.018092105263157895 0.01644736842105263
0 0.8774671052631579 0.14309210526315808 0.021381578947368418 0.01644736842105263
0 0.8832236842105262 0.1694078947368421 0.019736842105263157 0.01644736842105263
0 0.9111842105263159 0.18585526315789472 0.01644736842105263 0.013157894736842105
0 0.9769736842105262 0.30098684210526316 0.01644736842105263 0.013157894736842105
0 0.9761513157894737 0.2738486842105263 0.018092105263157895 0.014802631578947368
0 0.9465460526315789 0.256578947368421 0.021381578947368418 0.019736842105263157
0 0.9424342105263157 0.2294407894736842 0.019736842105263157 0.011513157894736841
0 0.7861842105263157 0.6167763157894737 0.02631578947368421 0.023026315789473683
0 0.769736842105263 0.5822368421052632 0.023026315789473683 0.019736842105263157
0 0.75 0.542763157894737 0.023026315789473683 0.019736842105263157
0 0.7294407894736842 0.506578947368421 0.021381578947368418 0.01644736842105263
0 0.7113486842105263 0.4695723684210526 0.021381578947368418 0.018092105263157895
0 0.6866776315789472 0.4539473684210526 0.021381578947368418 0.01644736842105263
0 0.6858552631578945 0.421875 0.023026315789473683 0.018092105263157895
0 0.6620065789473683 0.37417763157894735 0.021381578947368418 0.014802631578947368
0 0.6381578947368421 0.35526315789473684 0.019736842105263157 0.019736842105263157
0 0.6398026315789472 0.328125 0.013157894736842105 0.014802631578947368
0 0.6118421052631579 0.31085526315789475 0.023026315789473683 0.023026315789473683
0 0.6134868421052632 0.28371710526315785 0.019736842105263157 0.014802631578947368
0 0.5871710526315789 0.26480263157894735 0.01644736842105263 0.013157894736842105
0 0.5863486842105263 0.23601973684210525 0.018092105263157895 0.018092105263157895
0 0.5682565789473684 0.19407894736842105 0.018092105263157895 0.023026315789473683
0 0.5485197368421052 0.1595394736842105 0.018092105263157895 0.019736842105263157
0 0.19901315789473684 0.1850328947368421 0.03289473684210526 0.014802631578947368
0 0.22121710526315788 0.21463815789473684 0.021381578947368418 0.018092105263157895
0 0.25164473684210525 0.25246710526315785 0.023026315789473683 0.014802631578947368
0 0.28042763157894735 0.2820723684210526 0.018092105263157895 0.011513157894736841
0 0.46792763157894723 0.5246710526315789 0.021381578947368418 0.01644736842105263
0 0.44161184210526305 0.4851973684210526 0.021381578947368418 0.023026315789473683
0 0.4144736842105262 0.45230263157894735 0.019736842105263157 0.013157894736842105
0 0.3848684210526315 0.4194078947368421 0.023026315789473683 0.01644736842105263
0 0.36430921052631576 0.3848684210526316 0.018092105263157895 0.01644736842105263
0 0.33305921052631576 0.3495065789473684 0.014802631578947368 0.014802631578947368
0 0.3059210526315789 0.3157894736842105 0.029605263157894735 0.013157894736842105
