0 0.2557565789473684 0.9523026315789473 0.12006578947368421 0.07894736842105263
0 0.5205592105263157 0.747532894736842 0.11348684210526315 0.06414473684210525
0 0.803453947368421 0.5682565789473684 0.11348684210526315 0.07401315789473684
0 0.49671052631578944 0.4358552631578947 0.029605263157894735 0.023026315789473683
0 0.542763157894737 0.4292763157894737 0.019736842105263157 0.01644736842105263
0 0.6233552631578947 0.3429276315789475 0.01644736842105263 0.014802631578947368
0 0.6241776315789473 0.38322368421052627 0.014802631578947368 0.01644736842105263
0 0.5871710526315789 0.3881578947368421 0.01644736842105263 0.013157894736842105
0 0.6307565789473684 0.4202302631578947 0.03125 0.018092105263157895
0 0.6702302631578946 0.33305921052631576 0.014802631578947368 0.011513157894736841
0 0.7113486842105263 0.30838815789473684 0.018092105263157895 0.014802631578947368
0 0.768092105263158 0.2911184210526316 0.019736842105263157 0.01644736842105263
0 0.5707236842105263 0.21792763157894735 0.01644736842105263 0.014802631578947368
0 0.5945723684210525 0.18338815789473684 0.024671052631578948 0.024671052631578948
0 0.6430921052631579 0.13486842105263158 0.019736842105263157 0.019736842105263157
0 0.7606907894736842 0.03289473684210545 0.021381578947368418 0.019736842105263157
0 0.8824013157894735 0.21381578947368438 0.018092105263157895 0.019736842105263157
0 0.9325657894736842 0.19161184210526314 0.019736842105263157 0.018092105263157895
