0 0.9679276315789473 0.08717105263157894 0.024671052631578948 0.019736842105263157
0 0.9317434210526315 0.0805921052631579 0.021381578947368418 0.019736842105263157
0 0.8347039473684209 0.018914473684210526 0.014802631578947368 0.014802631578947364
0 0.8667763157894737 0.02713815789473684 0.01644736842105263 0.014802631578947368
0 0.8799342105263159 0.0493421052631579 0.013157894736842105 0.019736842105263164
0 0.9185855263157894 0.05756578947368421 0.018092105263157895 0.01644736842105263
0 0.6718750000000001 0.3527960526315789 0.024671052631578948 0.018092105263157895
0 0.7146381578947368 0.3610197368421052 0.021381578947368418 0.014802631578947368
0 0.7491776315789475 0.3717105263157895 0.018092105263157895 0.013157894736842105
0 0.7886513157894738 0.38157894736842096 0.021381578947368418 0.013157894736842105
0 0.8067434210526315 0.40625 0.014802631578947368 0.013157894736842105
0 0.8388157894736842 0.412828947368421 0.023026315789473683 0.019736842105263157
0 0.859375 0.4358552631578947 0.014802631578947368 0.013157894736842105
0 0.5592105263157895 0.4794407894736842 0.019736842105263157 0.014802631578947368
0 0.606907894736842 0.5049342105263157 0.023026315789473683 0.01644736842105263
0 0.6414473684210525 0.518092105263158 0.019736842105263157 0.01644736842105263
0 0.6768092105263157 0.5345394736842106 0.021381578947368418 0.01644736842105263
0 0.8963815789473681 0.4449013157894737 0.019736842105263157 0.018092105263157895
0 0.9120065789473684 0.46792763157894723 0.018092105263157895 0.018092105263157895
0 0.9465460526315789 0.47121710526315785 0.018092105263157895 0.014802631578947368
0 0.9621710526315789 0.49588815789473684 0.019736842105263157 0.014802631578947368
0 0.6184210526315789 0.7080592105263157 0.02631578947368421 0.018092105263157895
0 0.6578947368421052 0.7277960526315789 0.023026315789473683 0.018092105263157895
0 0.6957236842105263 0.7557565789473684 0.029605263157894735 0.014802631578947368
0 0.7228618421052633 0.7820723684210525 0.02796052631578947 0.014802631578947368
0 0.7549342105263157 0.810032894736842 0.023026315789473683 0.014802631578947368
0 0.78125 0.8478618421052632 0.029605263157894735 0.018092105263157895
0 0.8059210526315789 0.8848684210526315 0.029605263157894735 0.01644736842105263
0 0.8166118421052629 0.9144736842105262 0.021381578947368418 0.013157894736842105
0 0.84375 0.9300986842105262 0.019736842105263157 0.014802631578947368
0 0.8478618421052632 0.9555921052631579 0.018092105263157895 0.01644736842105263
0 0.8774671052631579 0.9753289473684212 0.021381578947368418 0.01644736842105263
0 0.5485197368421052 0.9901315789473684 0.018092105263157895 0.01644736842105263
