0 0.9185855263157894 0.910361842105263 0.021381578947368418 0.018092105263157895
0 0.9161184210526315 0.8215460526315789 0.019736842105263157 0.014802631578947368
0 0.9144736842105262 0.7310855263157894 0.019736842105263157 0.024671052631578948
0 0.9161184210526315 0.6398026315789471 0.01644736842105263 0.019736842105263157
0 0.9169407894736843 0.5534539473684208 0.018092105263157895 0.014802631578947368
0 0.9136513157894737 0.4662828947368421 0.021381578947368418 0.024671052631578948
0 0.9136513157894737 0.37911184210526316 0.018092105263157895 0.014802631578947368
0 0.9120065789473684 0.28536184210526316 0.018092105263157895 0.024671052631578948
0 0.9111842105263159 0.2014802631578949 0.019736842105263157 0.018092105263157895
0 0.9111842105263159 0.11101973684210525 0.01644736842105263 0.014802631578947368
0 0.9111842105263159 0.025493421052631766 0.019736842105263157 0.014802631578947368
0 0.15460526315789472 0.9366776315789477 0.01644736842105263 0.014802631578947368
0 0.17434210526315788 0.8774671052631579 0.019736842105263157 0.018092105263157895
0 0.19243421052631576 0.8174342105263159 0.01644736842105263 0.01644736842105263
0 0.20888157894736842 0.756578947368421 0.016447368421052655 0.013157894736842105
0 0.22121710526315788 0.6965460526315789 0.014802631578947368 0.014802631578947368
0 0.25164473684210525 0.5953947368421052 0.019736842105263157 0.019736842105263157
0 0.26891447368421045 0.5435855263157895 0.018092105263157895 0.018092105263157895
0 0.28289473684210525 0.49177631578947345 0.01644736842105263 0.01644736842105263
0 0.29605263157894735 0.4407894736842105 0.01644736842105263 0.01644736842105263
0 0.31167763157894735 0.38733552631578944 0.014802631578947368 0.018092105263157895
0 0.6019736842105262 0.990953947368421 0.01644736842105263 0.011513157894736841
0 0.6027960526315789 0.950657894736842 0.014802631578947368 0.01644736842105263
0 0.6036184210526315 0.910361842105263 0.013157894736842105 0.014802631578947368
0 0.605263157894737 0.8667763157894737 0.013157894736842105 0.013157894736842105
0 0.6085526315789473 0.824013157894737 0.01644736842105263 0.01644736842105263
0 0.6077302631578946 0.7828947368421052 0.018092105263157895 0.019736842105263157
0 0.6027960526315789 0.7401315789473684 0.014802631578947368 0.019736842105263157
0 0.6118421052631579 0.6998355263157894 0.01644736842105263 0.018092105263157895
0 0.6036184210526315 0.6578947368421052 0.01644736842105263 0.023026315789473683
0 0.5978618421052632 0.615953947368421 0.014802631578947368 0.014802631578947368
0 0.5995065789473684 0.5748355263157895 0.011513157894736841 0.014802631578947368
0 0.600328947368421 0.53125 0.013157894736842105 0.01644736842105263
0 0.5995065789473684 0.4901315789473684 0.011513157894736841 0.01644736842105263
0 0.605263157894737 0.44736842105263136 0.013157894736842105 0.01644736842105263
0 0.6027960526315789 0.40789473684210525 0.011513157894736841 0.01644736842105263
0 0.5995065789473684 0.36348684210526316 0.011513157894736841 0.01644736842105263
0 0.6036184210526315 0.3223684210526316 0.013157894736842105 0.01644736842105263
0 0.5978618421052632 0.27960526315789475 0.014802631578947368 0.01644736842105263
0 0.600328947368421 0.23930921052631576 0.013157894736842105 0.018092105263157895
0 0.5986842105263157 0.19654605263157893 0.013157894736842105 0.018092105263157895
0 0.5978618421052632 0.15625 0.011513157894736841 0.01644736842105263
0 0.5986842105263157 0.11266447368421052 0.009868421052631578 0.014802631578947368
0 0.5986842105263157 0.06907894736842105 0.013157894736842105 0.01644736842105263
0 0.600328947368421 0.02796052631578947 0.013157894736842105 0.01644736842105263
0 0.01726973684210526 0.6036184210526315 0.011513157894736841 0.013157894736842105
0 0.02713815789473684 0.5526315789473684 0.011513157894736841 0.013157894736842105
0 0.042763157894736836 0.5016447368421052 0.013157894736842105 0.013157894736842105
0 0.05345394736842105 0.4506578947368421 0.011513157894736841 0.013157894736842105
0 0.08470394736842103 0.350328947368421 0.011513157894736841 0.013157894736842105
0 0.09621710526315788 0.296875 0.011513157894736841 0.011513157894736841
0 0.11595394736842102 0.23848684210526314 0.011513157894736841 0.013157894736842105
0 0.12911184210526316 0.1800986842105263 0.011513157894736841 0.014802631578947368
0 0.1439144736842105 0.12006578947368421 0.011513157894736841 0.009868421052631578
0 0.1644736842105263 0.060032894736842105 0.009868421052631578 0.011513157894736841
