0 0.011513157894736841 0.09786184210526315 0.019736842105263157 0.014802631578947368
0 0.015625 0.12335526315789473 0.018092105263157895 0.01644736842105263
0 0.04523026315789473 0.14309210526315808 0.021381578947368418 0.01644736842105263
0 0.05098684210526316 0.1694078947368421 0.019736842105263157 0.01644736842105263
0 0.07894736842105281 0.18585526315789472 0.01644736842105263 0.013157894736842105
0 0.3782894736842107 0.636513157894737 0.023026315789473683 0.01644736842105263
0 0.36184210526315785 0.5995065789473684 0.019736842105263157 0.014802631578947368
0 0.3355263157894737 0.5657894736842107 0.019736842105263157 0.01644736842105263
0 0.3133223684210526 0.5279605263157895 0.024671052631578948 0.01644736842105263
0 0.2870065789473684 0.4901315789473684 0.024671052631578948 0.01644736842105263
0 0.2574013157894737 0.4465460526315789 0.024671052631578948 0.014802631578947368
0 0.23273026315789472 0.40789473684210525 0.021381578947368418 0.019736842105263157
0 0.2064144736842105 0.3939144736842105 0.018092105263157895 0.014802631578947368
0 0.2064144736842105 0.36595394736842124 0.02796052631578947 0.014802631578947368
0 0.1768092105263154 0.3495065789473684 0.018092105263157895 0.011513157894736841
0 0.17269736842105263 0.32072368421052627 0.023026315789473683 0.01644736842105263
0 0.14473684210526316 0.30098684210526316 0.01644736842105263 0.013157894736842105
0 0.1439144736842105 0.2738486842105263 0.018092105263157895 0.014802631578947368
0 0.11430921052631578 0.256578947368421 0.021381578947368418 0.019736842105263157
0 0.11019736842105263 0.2294407894736842 0.019736842105263157 0.011513157894736841
0 0.41776315789473684 0.27713815789473684 0.02631578947368421 0.014802631578947368
0 0.4375 0.31496710526315785 0.029605263157894735 0.014802631578947368
0 0.46134868421052627 0.35608552631578944 0.024671052631578948 0.014802631578947368
0 0.48108552631578944 0.39309210526315785 0.024671052631578948 0.01644736842105263
0 0.4292763157894737 0.9136513157894737 0.046052631578947366 0.02796052631578947
0 0.4432565789473684 0.9934210526315789 0.02796052631578947 0.009868421052631578
