0 0.3980263157894737 0.32976973684210525 0.13486842105263153 0.09046052631578946
0 0.6578947368421052 0.2138157894736842 0.12171052631578946 0.08552631578947367
0 0.4827302631578947 0.4309210526315789 0.03125 0.023026315789473683
0 0.2730263157894736 0.5271381578947368 0.02631578947368421 0.021381578947368418
0 0.24342105263157893 0.5641447368421052 0.03289473684210526 0.02631578947368421
0 0.2064144736842105 0.5871710526315789 0.03125 0.023026315789473683
0 0.05921052631578947 0.6998355263157894 0.03289473684210526 0.024671052631578948
0 0.10032894736842105 0.6710526315789473 0.029605263157894735 0.023026315789473683
0 0.13404605263157893 0.647203947368421 0.02796052631578947 0.018092105263157895
0 0.5674342105263157 0.8873355263157896 0.02631578947368421 0.021381578947368418
0 0.5230263157894739 0.9046052631578949 0.029605263157894735 0.023026315789473683
0 0.33223684210526316 0.7853618421052632 0.02631578947368421 0.02796052631578947
0 0.2631578947368421 0.8297697368421052 0.03289473684210526 0.021381578947368418
0 0.22615131578947362 0.8470394736842105 0.02796052631578947 0.02631578947368421
0 0.171875 0.8717105263157894 0.02796052631578947 0.023026315789473683
0 0.1299342105263158 0.8922697368421052 0.02631578947368421 0.024671052631578948
0 0.042763157894736836 0.9333881578947368 0.02631578947368421 0.018092105263157895
0 0.47368421052631576 0.5830592105263157 0.023026315789473683 0.024671052631578948
0 0.4753289473684209 0.4827302631578947 0.02631578947368421 0.02796052631578947
0 0.9539473684210525 0.984375 0.039473684210526314 0.02796052631578947
0 0.981907894736842 0.9358552631578947 0.03289473684210526 0.02631578947368421
0 0.9202302631578947 0.02138157894736842 0.11348684210526315 0.036184210526315784
0 0.3552631578947368 0.9901315789473684 0.03289473684210526 0.01644736842105263
