0 0.6282894736842106 0.009868421052631578 0.05263157894736842 0.01644736842105263
0 0.6011513157894737 0.05016447368421052 0.05098684210526316 0.021381578947368418
0 0.5353618421052632 0.07401315789473684 0.05098684210526316 0.02631578947368421
0 0.490953947368421 0.11677631578947367 0.05098684210526316 0.029605263157894735
0 0.48930921052631576 0.19243421052631576 0.04769736842105263 0.029605263157894735
0 0.4720394736842106 0.2541118421052631 0.05263157894736842 0.02796052631578947
0 0.43914473684210525 0.3059210526315789 0.049342105263157895 0.023026315789473683
0 0.4120065789473684 0.36348684210526316 0.041118421052631575 0.023026315789473683
0 0.4004934210526316 0.43009868421052627 0.044407894736842105 0.021381578947368418
0 0.3881578947368421 0.49588815789473684 0.039473684210526314 0.021381578947368418
0 0.4827302631578947 0.6685855263157895 0.04769736842105263 0.021381578947368418
0 0.5666118421052632 0.6702302631578946 0.03782894736842105 0.018092105263157895
0 0.5534539473684209 0.9638157894736842 0.044407894736842105 0.023026315789473683
0 0.5008223684210527 0.990953947368421 0.03125 0.014802631578947368
0 0.96875 0.8939144736842105 0.039473684210526314 0.021381578947368418
0 0.9449013157894737 0.9391447368421052 0.04769736842105263 0.023026315789473683
0 0.9013157894736842 0.966282894736842 0.03618421052631579 0.024671052631578948
