0 0.7771381578947368 0.384046052631579 0.08717105263157894 0.044407894736842105
0 0.6513157894736841 0.4564144736842105 0.03618421052631579 0.021381578947368418
0 0.834703947368421 0.33059210526315785 0.02796052631578947 0.01644736842105263
0 0.8749999999999998 0.29934210526315785 0.023026315789473683 0.013157894736842105
0 0.9095394736842105 0.2746710526315789 0.029605263157894735 0.013157894736842105
0 0.9539473684210524 0.24835526315789472 0.02631578947368421 0.013157894736842105
0 0.5904605263157895 0.4934210526315789 0.042763157894736836 0.01644736842105263
0 0.549342105263158 0.5271381578947368 0.039473684210526314 0.02796052631578947
0 0.4769736842105262 0.3914473684210526 0.019736842105263157 0.01644736842105263
0 0.44490131578947356 0.4152960526315789 0.024671052631578948 0.018092105263157895
0 0.40871710526315785 0.44243421052631576 0.024671052631578948 0.01644736842105263
0 0.9810855263157894 0.46381578947368407 0.021381578947368418 0.01644736842105263
