0 0.05756578947368421 0.9161184210526315 0.03618421052631579 0.03289473684210526
0 0.05674342105263176 0.8018092105263157 0.03453947368421052 0.041118421052631575
0 0.05756578947368421 0.6833881578947368 0.03618421052631579 0.03453947368421052
0 0.05674342105263176 0.569078947368421 0.03453947368421052 0.042763157894736836
0 0.0550986842105265 0.4514802631578947 0.03125 0.03125
0 0.0550986842105265 0.33634868421052627 0.03125 0.03125
0 0.05674342105263176 0.22121710526315788 0.03125 0.03125
0 0.05592105263157894 0.10279605263157894 0.03289473684210526 0.03125
0 0.897203947368421 0.9695723684210525 0.03125 0.041118421052631575
0 0.8914473684210525 0.8536184210526315 0.042763157894736836 0.039473684210526314
0 0.8898026315789473 0.7368421052631579 0.046052631578947366 0.05592105263157894
0 0.8930921052631579 0.6217105263157895 0.03289473684210526 0.049342105263157895
0 0.8914473684210525 0.5016447368421052 0.039473684210526314 0.039473684210526314
0 0.8898026315789473 0.3865131578947369 0.039473684210526314 0.03618421052631579
0 0.8898026315789473 0.15871710526315788 0.039473684210526314 0.041118421052631575
0 0.8873355263157894 0.04194078947368421 0.03782894736842105 0.03453947368421052
