0 0.35608552631578944 0.16529605263157893 0.02796052631578947 0.021381578947368418
0 0.32976973684210525 0.1439144736842107 0.024671052631578948 0.014802631578947368
0 0.3289473684210526 0.11924342105263157 0.02631578947368421 0.014802631578947368
0 0.30098684210526316 0.09786184210526315 0.023026315789473683 0.018092105263157895
0 0.2944078947368421 0.07319078947368421 0.02631578947368421 0.018092105263157895
0 0.259046052631579 0.061677631578947366 0.018092105263157895 0.021381578947368418
0 0.2475328947368421 0.035361842105263344 0.021381578947368418 0.018092105263157895
0 0.21052631578947373 0.027960526315789287 0.023026315789473683 0.019736842105263157
0 0.19654605263157893 0.006578947368421052 0.02796052631578947 0.013157894736842105
0 0.16282894736842105 0.004934210526315789 0.01644736842105263 0.009868421052631578
0 0.3141447368421053 0.36101973684210525 0.023026315789473683 0.024671052631578948
0 0.2919407894736842 0.3289473684210526 0.018092105263157895 0.01644736842105263
0 0.25493421052631576 0.2886513157894737 0.02631578947368421 0.021381578947368418
0 0.009868421052631578 0.3445723684210526 0.01644736842105263 0.018092105263157895
0 0.033717105263157895 0.3782894736842105 0.021381578947368425 0.019736842105263157
0 0.05838815789473683 0.41858552631578944 0.02796052631578947 0.021381578947368418
0 0.0682565789473684 0.4465460526315789 0.024671052631578948 0.021381578947368418
0 0.09539473684210525 0.4621710526315789 0.019736842105263157 0.019736842105263157
0 0.09950657894736842 0.4884868421052631 0.024671052631578948 0.01644736842105263
0 0.12664473684210525 0.506578947368421 0.02631578947368421 0.019736842105263157
0 0.13240131578947364 0.5345394736842105 0.02796052631578947 0.023026315789473683
0 0.16365131578947367 0.5550986842105263 0.024671052631578948 0.021381578947368418
0 0.19161184210526314 0.5962171052631579 0.02796052631578947 0.021381578947368418
0 0.19736842105263158 0.6217105263157895 0.02631578947368421 0.019736842105263157
0 0.2228618421052631 0.6389802631578947 0.02796052631578947 0.021381578947368418
0 0.22615131578947362 0.6677631578947368 0.02796052631578947 0.019736842105263157
0 0.2541118421052631 0.6866776315789473 0.02796052631578947 0.021381578947368418
0 0.256578947368421 0.7129934210526315 0.023026315789473683 0.021381578947368418
0 0.2845394736842105 0.7310855263157894 0.029605263157894735 0.018092105263157895
0 0.28618421052631576 0.7574013157894737 0.02631578947368421 0.014802631578947368
0 0.3141447368421053 0.772203947368421 0.029605263157894735 0.024671052631578948
0 0.3371710526315789 0.8116776315789473 0.029605263157894735 0.018092105263157895
0 0.3700657894736841 0.8552631578947368 0.029605263157894735 0.023026315789473683
0 0.3972039473684211 0.8930921052631582 0.02796052631578947 0.023026315789473683
0 0.41858552631578944 0.925986842105263 0.027960526315789425 0.019736842105263157
0 0.4432565789473684 0.9638157894736837 0.02796052631578947 0.019736842105263157
0 0.03782894736842106 0.9843750000000003 0.02631578947368421 0.021381578947368418
0 0.02138157894736842 0.9490131578947368 0.023026315789473676 0.023026315789473683
0 0.009046052631578948 0.9070723684210525 0.014802631578947368 0.018092105263157895
0 0.5024671052631579 0.6398026315789473 0.03125 0.02631578947368421
0 0.5213815789473684 0.678453947368421 0.029605263157894735 0.024671052631578948
0 0.5452302631578947 0.7236842105263157 0.02796052631578947 0.023026315789473683
0 0.5616776315789473 0.7582236842105263 0.03125 0.02631578947368421
