0 0.6735197368421052 0.03453947368421052 0.05427631578947368 0.039473684210526314
0 0.5764802631578949 0.06661184210526316 0.02796052631578947 0.021381578947368418
0 0.5773026315789473 0.0962171052631579 0.046052631578947366 0.021381578947368432
0 0.5682565789473684 0.15049342105263155 0.02796052631578947 0.02796052631578947
0 0.5838815789473684 0.12664473684210525 0.06907894736842105 0.023026315789473683
0 0.5592105263157895 0.18421052631578946 0.03618421052631579 0.01644736842105263
0 0.5476973684210527 0.20723684210526314 0.02631578947368421 0.019736842105263157
0 0.5452302631578947 0.24095394736842105 0.06085526315789473 0.024671052631578948
0 0.513157894736842 0.3223684210526316 0.029605263157894735 0.01644736842105263
0 0.5304276315789476 0.265625 0.03125 0.021381578947368418
0 0.5189144736842105 0.296875 0.06414473684210525 0.03125
0 0.5074013157894735 0.3470394736842105 0.05427631578947368 0.023026315789473683
0 0.5024671052631579 0.3741776315789474 0.03125 0.021381578947368418
0 0.49177631578947345 0.3955592105263158 0.05921052631578947 0.02796052631578947
0 0.43009868421052627 0.46134868421052627 0.044407894736842105 0.024671052631578948
0 0.453125 0.43338815789473684 0.03125 0.03125
0 0.4120065789473682 0.4851973684210526 0.05098684210526316 0.03289473684210526
0 0.13651315789473684 0.8939144736842105 0.039473684210526314 0.021381578947368418
0 0.11266447368421052 0.9391447368421052 0.04769736842105263 0.023026315789473683
0 0.06907894736842105 0.966282894736842 0.03618421052631579 0.024671052631578948
0 0.328125 0.7960526315789475 0.05427631578947368 0.019736842105263157
0 0.6398026315789471 0.6677631578947368 0.03289473684210526 0.029605263157894735
0 0.588815789473684 0.685032894736842 0.02631578947368421 0.03125
0 0.5616776315789473 0.6800986842105263 0.024671052631578948 0.03125
0 0.5254934210526315 0.6710526315789473 0.02796052631578947 0.02631578947368421
0 0.4449013157894737 0.6990131578947367 0.03125 0.029605263157894735
0 0.36595394736842124 0.7738486842105263 0.03453947368421052 0.018092105263157895
0 0.3939144736842105 0.7491776315789475 0.044407894736842105 0.02796052631578947
0 0.4046052631578947 0.7236842105263157 0.029605263157894735 0.01644736842105263
0 0.42351973684210525 0.7154605263157894 0.03125 0.01644736842105263
0 0.1957236842105263 0.8774671052631579 0.03289473684210526 0.018092105263157895
0 0.2080592105263158 0.8511513157894735 0.02796052631578947 0.018092105263157895
