0 0.9925986842105262 0.06085526315789473 0.011513157894736841 0.10855263157894736
0 0.33059210526315785 0.350328947368421 0.06907894736842105 0.049342105263157895
0 0.716282894736842 0.060032894736842105 0.021381578947368418 0.024671052631578948
0 0.7171052631578946 0.1356907894736842 0.02631578947368421 0.018092105263157895
0 0.7129934210526315 0.17105263157894735 0.024671052631578948 0.019736842105263157
0 0.7113486842105263 0.20230263157894735 0.021381578947368418 0.019736842105263157
0 0.7113486842105263 0.234375 0.021381578947368418 0.018092105263157895
0 0.9481907894736842 0.7154605263157894 0.03125 0.023026315789473683
0 0.7532894736842105 0.5279605263157895 0.02631578947368421 0.023026315789473683
0 0.7606907894736842 0.5575657894736842 0.03453947368421052 0.023026315789473683
0 0.716282894736842 0.3856907894736844 0.018092105263157895 0.021381578947368418
0 0.7129934210526315 0.35608552631578944 0.014802631578947368 0.021381578947368418
0 0.5657894736842105 0.5583881578947368 0.08552631578947367 0.11019736842105263
0 0.5666118421052632 0.7310855263157894 0.08388157894736842 0.10361842105263157
0 0.24506578947368415 0.9120065789473684 0.02631578947368421 0.018092105263157895
0 0.2475328947368421 0.944078947368421 0.024671052631578948 0.023026315789473683
0 0.24917763157894735 0.9753289473684214 0.02796052631578947 0.01644736842105263
0 0.4407894736842106 0.974506578947368 0.0625 0.04769736842105263
0 0.9580592105263157 0.8552631578947368 0.07401315789473684 0.07894736842105263
0 0.9424342105263157 0.9111842105263157 0.023026315789473683 0.013157894736842105
0 0.9432565789473684 0.9424342105263162 0.018092105263157895 0.01644736842105263
0 0.8898026315789473 0.9868421052631579 0.05263157894736842 0.023026315789473683
