0 0.2944078947368421 0.5139802631578947 0.029605263157894735 0.03125
0 0.2582236842105263 0.48601973684210525 0.029605263157894735 0.03125
0 0.21710526315789472 0.45559210526315785 0.02631578947368421 0.02631578947368421
0 0.18256578947368424 0.4481907894736843 0.02631578947368421 0.024671052631578948
0 0.06578947368421052 0.3618421052631579 0.02631578947368421 0.019736842105263157
0 0.030427631578947366 0.3577302631578947 0.024671052631578948 0.024671052631578948
0 0.013980263157894735 0.33305921052631576 0.021381578947368418 0.018092105263157895
0 0.08305921052631578 0.3856907894736842 0.021381578947368418 0.021381578947368418
0 0.11924342105263157 0.3881578947368421 0.024671052631578948 0.019736842105263157
0 0.13404605263157893 0.4136513157894737 0.014802631578947368 0.01480263157894732
0 0.17269736842105265 0.42434210526315785 0.01644736842105263 0.013157894736842105
0 0.35608552631578944 0.9934210526315789 0.02796052631578947 0.009868421052631578
0 0.32976973684210525 0.9777960526315791 0.024671052631578948 0.014802631578947368
0 0.3289473684210526 0.953125 0.02631578947368421 0.014802631578947368
0 0.30098684210526316 0.9317434210526315 0.023026315789473683 0.018092105263157895
0 0.2944078947368421 0.9070723684210525 0.02631578947368421 0.018092105263157895
0 0.259046052631579 0.8955592105263157 0.018092105263157895 0.021381578947368418
0 0.2475328947368421 0.8692434210526317 0.021381578947368418 0.018092105263157895
0 0.21052631578947373 0.8618421052631576 0.023026315789473683 0.019736842105263157
0 0.19654605263157893 0.8388157894736842 0.02796052631578947 0.016447368421052724
0 0.03618421052631578 0.7483552631578947 0.023026315789473676 0.019736842105263157
0 0.056743421052631575 0.7746710526315789 0.018092105263157895 0.019736842105263157
0 0.08963815789473682 0.7804276315789475 0.024671052631578948 0.014802631578947368
0 0.10855263157894736 0.8034539473684212 0.019736842105263157 0.018092105263157895
0 0.1455592105263158 0.8092105263157894 0.021381578947368418 0.01644736842105263
0 0.16282894736842105 0.8338815789473684 0.01644736842105263 0.019736842105263157
0 0.9021381578947368 0.03700657894736842 0.024671052631578948 0.024671052631578948
0 0.9144736842105262 0.08223684210526316 0.029605263157894735 0.019736842105263157
0 0.9325657894736842 0.13157894736842107 0.02631578947368421 0.019736842105263157
0 0.9449013157894737 0.17187499999999997 0.02796052631578947 0.018092105263157895
0 0.9613486842105262 0.21874999999999994 0.03125 0.019736842105263157
0 0.9736842105263157 0.2574013157894737 0.03289473684210526 0.018092105263157895
0 0.9835526315789473 0.29605263157894735 0.029605263157894735 0.019736842105263157
0 0.9901315789473684 0.3371710526315789 0.01644736842105263 0.019736842105263157
