0 0.42845394736842096 0.8083881578947368 0.044407894736842105 0.044407894736842105
0 0.4202302631578947 0.8478618421052632 0.037828947368421094 0.041118421052631575
0 0.4037828947368421 0.8832236842105264 0.03782894736842105 0.03618421052631579
0 0.3955592105263158 0.919407894736842 0.03782894736842105 0.03289473684210526
0 0.39802631578947373 0.9564144736842105 0.03618421052631579 0.03782894736842105
0 0.39802631578947373 0.984375 0.03289473684210526 0.02796052631578947
0 0.5674342105263157 0.9876644736842105 0.03618421052631579 0.021381578947368605
0 0.569078947368421 0.957236842105263 0.03289473684210526 0.03289473684210526
0 0.5699013157894739 0.9235197368421052 0.03125 0.03453947368421052
0 0.7532894736842105 0.8190789473684209 0.03289473684210526 0.03618421052631579
0 0.7574013157894735 0.856907894736842 0.02796052631578947 0.02631578947368421
0 0.7598684210526315 0.8939144736842105 0.029605263157894735 0.02796052631578947
0 0.7606907894736842 0.9292763157894737 0.02796052631578947 0.029605263157894735
0 0.7615131578947368 0.96875 0.029605263157894735 0.029605263157894735
0 0.9514802631578947 0.7582236842105263 0.03453947368421052 0.03289473684210526
0 0.9399671052631581 0.7919407894736842 0.02796052631578947 0.03125
0 0.9399671052631581 0.8322368421052632 0.03125 0.029605263157894735
0 0.9407894736842105 0.8667763157894737 0.029605263157894735 0.03289473684210526
0 0.9432565789473684 0.907894736842105 0.03453947368421052 0.029605263157894735
0 0.9555921052631579 0.9424342105263157 0.03289473684210526 0.029605263157894735
