0 0.5534539473684209 0.13157894736842105 0.044407894736842105 0.023026315789473683
0 0.5008223684210527 0.1595394736842105 0.03125 0.01644736842105263
0 0.013980263157894735 0.4514802631578947 0.024671052631578948 0.018092105263157895
0 0.008223684210526315 0.4243421052631577 0.013157894736842105 0.01644736842105263
0 0.04523026315789473 0.35608552631578944 0.03125 0.014802631578947368
0 0.06661184210526316 0.31167763157894735 0.02796052631578947 0.018092105263157895
0 0.09950657894736842 0.2787828947368421 0.03453947368421052 0.014802631578947368
0 0.18914473684210525 0.23273026315789472 0.042763157894736815 0.018092105263157895
0 0.21217105263157893 0.21463815789473684 0.029605263157894735 0.018092105263157895
0 0.3470394736842105 0.22615131578947367 0.03618421052631579 0.018092105263157895
0 0.3972039473684211 0.20394736842105263 0.03453947368421052 0.01644736842105263
0 0.46134868421052627 0.1850328947368421 0.03782894736842105 0.018092105263157895
0 0.02796052631578947 0.3996710526315789 0.03618421052631579 0.019736842105263157
0 0.018914473684210526 0.37911184210526316 0.03453947368421052 0.018092105263157895
0 0.9835526315789473 0.45970394736842085 0.029605263157894923 0.018092105263157895
0 0.96875 0.061677631578947366 0.039473684210526314 0.021381578947368418
0 0.9449013157894737 0.1069078947368421 0.04769736842105263 0.023026315789473683
0 0.9013157894736842 0.13404605263157893 0.03618421052631579 0.024671052631578948
