0 0.8207236842105262 0.959703947368421 0.01644736842105263 0.021381578947368418
0 0.8470394736842105 0.9210526315789473 0.019736842105263157 0.01644736842105263
0 0.8824013157894735 0.8856907894736842 0.018092105263157895 0.014802631578947368
0 0.9070723684210525 0.8486842105263157 0.024671052631578948 0.013157894736842105
0 0.9202302631578947 0.8092105263157894 0.024671052631578948 0.013157894736842105
0 0.944078947368421 0.7705592105263159 0.019736842105263157 0.014802631578947368
0 0.9613486842105262 0.7310855263157894 0.02796052631578947 0.014802631578947368
0 0.9745065789473681 0.6924342105263157 0.024671052631578948 0.013157894736842105
0 0.984375 0.6529605263157895 0.014802631578947368 0.013157894736842105
0 0.622532894736842 0.21792763157894735 0.02796052631578947 0.011513157894736841
0 0.5822368421052632 0.24835526315789472 0.019736842105263157 0.013157894736842105
0 0.575657894736842 0.29851973684210525 0.023026315789473683 0.014802631578947368
0 0.5476973684210527 0.3355263157894737 0.02631578947368421 0.013157894736842105
0 0.921875 0.1907894736842105 0.024671052631578948 0.013157894736842105
0 0.8684210526315789 0.2154605263157894 0.023026315789473683 0.01644736842105263
0 0.8478618421052632 0.256578947368421 0.018092105263157895 0.013157894736842105
0 0.7853618421052632 0.36348684210526316 0.021381578947368418 0.013157894736842105
0 0.7960526315789475 0.3240131578947368 0.023026315789473683 0.009868421052631578
0 0.8199013157894738 0.29276315789473684 0.018092105263157895 0.009868421052631578
0 0.7582236842105263 0.40542763157894723 0.029605263157894735 0.014802631578947368
0 0.6792763157894737 0.4407894736842106 0.013157894736842105 0.013157894736842105
0 0.6587171052631579 0.47779605263157904 0.024671052631578948 0.011513157894736841
0 0.627467105263158 0.5115131578947368 0.014802631578947368 0.013157894736842105
0 0.605263157894737 0.5723684210526315 0.023026315789473683 0.013157894736842105
0 0.5962171052631579 0.5995065789473684 0.018092105263157895 0.011513157894736841
0 0.5830592105263157 0.6389802631578947 0.018092105263157895 0.011513157894736841
0 0.5625 0.6784539473684211 0.019736842105263157 0.011513157894736841
0 0.5296052631578946 0.7088815789473684 0.023026315789473683 0.009868421052631578
0 0.49671052631578944 0.7401315789473683 0.019736842105263157 0.013157894736842105
0 0.48108552631578944 0.7796052631578947 0.021381578947368418 0.013157894736842105
0 0.46134868421052627 0.8199013157894738 0.018092105263157895 0.011513157894736841
