0 0.13404605263157893 0.007401315789473684 0.018092105263157895 0.014802631578947368
0 0.13733552631578946 0.049342105263158076 0.018092105263157895 0.01644736842105263
0 0.13404605263157893 0.09539473684210507 0.018092105263157895 0.019736842105263157
0 0.140625 0.14226973684210506 0.018092105263157895 0.021381578947368418
0 0.14226973684210506 0.18585526315789472 0.021381578947368418 0.023026315789473683
0 0.15213815789473684 0.22861842105263155 0.018092105263157895 0.023026315789473683
0 0.15213815789473684 0.27467105263157876 0.021381578947368418 0.02631578947368421
0 0.16200657894736842 0.32483552631578944 0.018092105263157895 0.021381578947368418
0 0.1850328947368421 0.412828947368421 0.018092105263157895 0.01644736842105263
0 0.19490131578947367 0.45559210526315785 0.021381578947368418 0.019736842105263157
0 0.21463815789473684 0.5008223684210527 0.018092105263157895 0.021381578947368418
0 0.2220394736842105 0.5402960526315789 0.019736842105263157 0.018092105263157895
0 0.2475328947368419 0.5822368421052632 0.03125 0.02631578947368421
0 0.27055921052631576 0.6241776315789476 0.018092105263157895 0.021381578947368418
0 0.2952302631578945 0.6644736842105263 0.021381578947368418 0.023026315789473683
0 0.31496710526315785 0.7080592105263157 0.021381578947368418 0.021381578947368418
0 0.3379934210526316 0.7483552631578947 0.024671052631578948 0.019736842105263157
0 0.36101973684210525 0.7894736842105263 0.018092105263157895 0.023026315789473683
0 0.3848684210526316 0.8264802631578949 0.019736842105263157 0.021381578947368418
0 0.40871710526315785 0.8717105263157894 0.021381578947368418 0.01644736842105263
0 0.4317434210526316 0.9095394736842105 0.021381578947368418 0.01644736842105263
0 0.453125 0.953125 0.018092105263157895 0.024671052631578948
0 0.4819078947368421 0.9876644736842106 0.019736842105263157 0.021381578947368047
