0 0.05674342105263176 0.03125 0.018092105263157895 0.019736842105263157
0 0.08141447368421052 0.0805921052631579 0.021381578947368418 0.019736842105263157
0 0.5435855263157895 0.9547697368421052 0.018092105263157895 0.021381578947368418
0 0.5287828947368423 0.9029605263157894 0.018092105263157895 0.019736842105263157
0 0.5164473684210527 0.8536184210526315 0.01644736842105263 0.023026315789473683
0 0.9901315789473687 0.935032894736842 0.013157894736842105 0.018092105263157895
0 0.9703947368421052 0.8824013157894737 0.013157894736842105 0.018092105263157895
0 0.9449013157894737 0.8322368421052629 0.014802631578947368 0.019736842105263157
0 0.9144736842105259 0.7812500000000001 0.01644736842105263 0.01644736842105263
0 0.8881578947368417 0.7286184210526315 0.01644736842105263 0.019736842105263157
0 0.865953947368421 0.6817434210526317 0.014802631578947368 0.014802631578947368
0 0.8478618421052632 0.6291118421052632 0.01480263157894718 0.018092105263157895
0 0.8289473684210525 0.5789473684210527 0.019736842105263157 0.023026315789473683
0 0.8018092105263157 0.5263157894736842 0.018092105263157895 0.019736842105263157
0 0.569078947368421 0.37171052631578966 0.01644736842105263 0.01644736842105263
0 0.7820723684210525 0.3215460526315789 0.014802631578947368 0.014802631578947368
0 0.7549342105263157 0.2738486842105261 0.009868421052631578 0.011513157894736841
0 0.7220394736842106 0.22286184210526314 0.009868421052631578 0.011513157894736841
0 0.6924342105263157 0.171875 0.013157894736842105 0.011513157894736841
0 0.6817434210526315 0.11430921052631578 0.011513157894736841 0.014802631578947368
0 0.9925986842105262 0.21217105263157893 0.011513157894736841 0.019736842105263157
0 0.9712171052631575 0.1595394736842105 0.018092105263157895 0.01644736842105263
0 0.9424342105263162 0.11019736842105263 0.01644736842105263 0.013157894736842105
