0 0.1225328947368421 0.39309210526315785 0.014802631578947368 0.02631578947368421
0 0.12582236842105263 0.4251644736842105 0.018092105263157895 0.021381578947368418
0 0.09046052631578946 0.004934210526315789 0.019736842105263157 0.009868421052631578
0 0.08552631578947367 0.03536184210526316 0.023026315789473683 0.014802631578947368
0 0.08470394736842124 0.06743421052631579 0.018092105263157895 0.01644736842105263
0 0.08388157894736842 0.09703947368421052 0.01644736842105263 0.023026315789473683
0 0.08552631578947367 0.2557565789473684 0.023026315789473683 0.024671052631578948
0 0.08717105263157894 0.22121710526315788 0.023026315789473683 0.02796052631578947
0 0.40542763157894735 0.6118421052631576 0.05427631578947368 0.05263157894736842
0 0.32976973684210525 0.725328947368421 0.07730263157894736 0.08223684210526315
0 0.2754934210526316 0.8824013157894732 0.08717105263157894 0.08717105263157894
0 0.2952302631578945 0.9860197368421052 0.05427631578947368 0.024671052631578948
0 0.3125 0.8075657894736842 0.02631578947368421 0.01644736842105263
0 0.3133223684210526 0.778782894736842 0.021381578947368418 0.011513157894736841
0 0.3157894736842105 0.5814144736842105 0.023026315789473683 0.018092105263157895
0 0.4662828947368421 0.29276315789473684 0.05427631578947368 0.039473684210526314
0 0.45230263157894735 0.37417763157894735 0.05263157894736842 0.05427631578947368
0 0.44983552631578944 0.17845394736842124 0.07072368421052631 0.0805921052631579
0 0.3889802631578945 0.3199013157894737 0.024671052631578948 0.02796052631578947
0 0.38980263157894735 0.2886513157894737 0.019736842105263157 0.018092105263157895
0 0.38733552631578944 0.2557565789473684 0.018092105263157895 0.018092105263157895
0 0.3889802631578945 0.22286184210526314 0.018092105263157895 0.018092105263157895
0 0.4358552631578947 0.05263157894736842 0.08552631578947367 0.07894736842105263
0 0.39309210526315785 0.06414473684210507 0.019736842105263157 0.013157894736842105
