0 0.09457236842105263 0.7549342105263157 0.03125 0.023026315789473683
0 0.09046052631578946 0.8338815789473684 0.019736842105263157 0.016447368421052537
0 0.08552631578947367 0.8675986842105262 0.023026315789473683 0.014802631578947368
0 0.08470394736842124 0.8996710526315789 0.018092105263157895 0.01644736842105263
0 0.08388157894736842 0.9292763157894737 0.01644736842105263 0.023026315789473683
0 0.44983552631578944 0.984375 0.07072368421052631 0.027960526315789287
0 0.4358552631578947 0.8848684210526315 0.08552631578947367 0.07894736842105263
0 0.39309210526315785 0.8963815789473681 0.019736842105263157 0.013157894736842105
0 0.40296052631578944 0.7615131578947368 0.08881578947368421 0.10197368421052631
0 0.40542763157894735 0.6702302631578946 0.07401315789473684 0.03782894736842105
0 0.6324013157894737 0.4695723684210526 0.014802631578947368 0.011513157894736841
0 0.6373355263157895 0.5024671052631579 0.014802631578947368 0.014802631578947368
0 0.6332236842105263 0.5402960526315789 0.019736842105263157 0.018092105263157895
0 0.6348684210526315 0.5723684210526315 0.019736842105263157 0.019736842105263157
0 0.9753289473684214 0.397203947368421 0.042763157894736836 0.05427631578947364
0 0.9046052631578947 0.32072368421052627 0.023026315789473683 0.019736842105263157
0 0.9087171052631579 0.36019736842105265 0.018092105263157895 0.01644736842105263
0 0.897203947368421 0.3914473684210526 0.011513157894736841 0.01644736842105263
0 0.8832236842105267 0.42680921052631576 0.019736842105263157 0.014802631578947368
0 0.9120065789473684 0.46546052631578944 0.018092105263157895 0.01644736842105263
0 0.9136513157894737 0.4991776315789475 0.014802631578947368 0.014802631578947368
0 0.9679276315789469 0.5411184210526316 0.05756578947368421 0.0625
0 0.9136513157894737 0.5361842105263157 0.018092105263157895 0.009868421052631578
0 0.9095394736842105 0.5666118421052632 0.013157894736842105 0.018092105263157895
0 0.9095394736842105 0.605263157894737 0.01644736842105263 0.013157894736842105
0 0.9111842105263157 0.640625 0.01644736842105263 0.018092105263157895
0 0.9111842105263157 0.675986842105263 0.01644736842105263 0.01644736842105263
0 0.9136513157894737 0.7064144736842105 0.014802631578947368 0.021381578947368418
0 0.9136513157894737 0.7483552631578948 0.018092105263157895 0.02631578947368421
0 0.9144736842105259 0.7804276315789473 0.019736842105263157 0.014802631578947368
