0 0.007401315789473684 0.33059210526315785 0.014802631578947368 0.01644736842105263
0 0.04111842105263139 0.29934210526315785 0.023026315789473683 0.013157894736842105
0 0.0756578947368421 0.2746710526315789 0.029605263157894735 0.013157894736842105
0 0.12006578947368401 0.24835526315789472 0.02631578947368421 0.013157894736842105
0 0.22450657894736842 0.1685855263157895 0.03125 0.014802631578947368
0 0.25411184210526316 0.14309210526315788 0.018092105263157895 0.01644736842105263
0 0.30098684210526316 0.12006578947368421 0.02631578947368421 0.013157894736842105
0 0.37171052631578966 0.0805921052631579 0.01644736842105263 0.013157894736842105
0 0.40871710526315785 0.05921052631578947 0.024671052631578948 0.01644736842105263
0 0.44983552631578944 0.039473684210526314 0.024671052631578948 0.019736842105263157
0 0.4884868421052631 0.9317434210526315 0.14473684210526316 0.07401315789473684
0 0.7310855263157894 0.8108552631578945 0.15296052631578946 0.08552631578947367
0 0.5501644736842105 0.7138157894736842 0.03453947368421052 0.019736842105263157
0 0.584703947368421 0.6891447368421052 0.041118421052631575 0.013157894736842105
0 0.6192434210526315 0.6644736842105263 0.041118421052631575 0.013157894736842105
0 0.6578947368421052 0.6398026315789472 0.03618421052631579 0.01644736842105263
0 0.6875 0.6167763157894738 0.029605263157894735 0.01644736842105263
0 0.716282894736842 0.5945723684210525 0.03125 0.014802631578947368
0 0.7524671052631579 0.5707236842105263 0.024671052631578948 0.013157894736842105
0 0.7845394736842105 0.5452302631578947 0.023026315789473683 0.018092105263157895
0 0.8149671052631579 0.5074013157894737 0.024671052631578948 0.014802631578947368
0 0.8379934210526313 0.4728618421052631 0.021381578947368418 0.014802631578947368
0 0.8667763157894737 0.43667763157894723 0.02631578947368421 0.021381578947368418
0 0.7894736842105263 0.421875 0.039473684210526314 0.03453947368421052
0 0.7228618421052632 0.4728618421052631 0.044407894736842105 0.021381578947368418
0 0.6611842105263157 0.528782894736842 0.046052631578947366 0.021381578947368418
0 0.6101973684210525 0.40542763157894723 0.019736842105263157 0.018092105263157895
0 0.6965460526315789 0.36019736842105265 0.02796052631578947 0.01644736842105263
0 0.7442434210526315 0.3379934210526316 0.02796052631578947 0.018092105263157895
0 0.38651315789473684 0.5550986842105263 0.02631578947368421 0.014802631578947368
0 0.14720394736842105 0.46381578947368407 0.021381578947368418 0.01644736842105263
0 0.18338815789473684 0.4407894736842106 0.024671052631578948 0.013157894736842105
0 0.2269736842105265 0.41611842105263164 0.023026315789473683 0.013157894736842151
0 0.2845394736842105 0.3651315789473684 0.01644736842105263 0.009868421052631578
0 0.33059210526315785 0.3445723684210526 0.013157894736842105 0.014802631578947368
0 0.3544407894736842 0.319078947368421 0.018092105263157895 0.019736842105263157
0 0.3980263157894737 0.2944078947368421 0.019736842105263157 0.013157894736842105
0 0.43338815789473684 0.2738486842105263 0.014802631578947368 0.014802631578947368
0 0.5205592105263157 0.23355263157894732 0.024671052631578948 0.01644736842105263
0 0.569078947368421 0.21463815789473678 0.02631578947368421 0.018092105263157895
0 0.6233552631578949 0.18914473684210528 0.03289473684210526 0.01644736842105263
0 0.6702302631578947 0.17105263157894735 0.011513157894736841 0.013157894736842105
0 0.7302631578947366 0.12911184210526316 0.023026315789473683 0.014802631578947368
0 0.9572368421052627 0.9555921052631579 0.019736842105263157 0.013157894736842105
0 0.29276315789473684 0.8791118421052632 0.019736842105263157 0.018092105263157895
0 0.22368421052631576 0.928453947368421 0.029605263157894735 0.018092105263157895
0 0.919407894736842 0.7327302631578947 0.023026315789473683 0.018092105263157895
0 0.9893092105263157 0.6924342105263157 0.014802631578947368 0.01644736842105263
0 0.9144736842105262 0.2475328947368421 0.023026315789473683 0.018092105263157895
0 0.9613486842105262 0.2294407894736842 0.03125 0.03125
