0 0.019736842105263157 0.5509868421052632 0.03289473684210526 0.039473684210526314
0 0.0649671052631577 0.5041118421052632 0.03125 0.03453947368421052
0 0.14967105263157893 0.3651315789473684 0.03289473684210526 0.039473684210526314
0 0.19161184210526314 0.31496710526315785 0.041118421052631575 0.024671052631578948
0 0.2376644736842105 0.2557565789473684 0.02796052631578947 0.03782894736842105
0 0.28371710526315785 0.203125 0.024671052631578948 0.03782894736842105
0 0.319078947368421 0.15460526315789472 0.039473684210526314 0.029605263157894735
0 0.36430921052631576 0.10197368421052631 0.03125 0.029605263157894735
0 0.421875 0.04194078947368421 0.03453947368421052 0.02796052631578947
0 0.9736842105263157 0.19407894736842105 0.02631578947368421 0.03289473684210526
0 0.9375 0.2450657894736842 0.02631578947368421 0.039473684210526314
0 0.8873355263157894 0.2952302631578945 0.03125 0.03453947368421052
0 0.8355263157894738 0.36184210526315785 0.039473684210526126 0.03289473684210526
0 0.7902960526315789 0.4095394736842105 0.041118421052631575 0.03618421052631579
0 0.6644736842105263 0.5789473684210527 0.03289473684210526 0.03289473684210526
0 0.622532894736842 0.625 0.04769736842105263 0.019736842105263157
0 0.5674342105263157 0.6833881578947368 0.03618421052631579 0.03125
0 0.5254934210526315 0.7393092105263157 0.03125 0.03125
0 0.4819078947368421 0.787828947368421 0.046052631578947366 0.023026315789473683
0 0.4383223684210526 0.8421052631578947 0.044407894736842105 0.023026315789473496
0 0.3889802631578945 0.897203947368421 0.04769736842105263 0.021381578947368418
0 0.34786184210526316 0.9523026315789473 0.044407894736842105 0.029605263157894735
