0 0.20230263157894735 0.06085526315789473 0.09539473684210525 0.10855263157894736
0 0.17845394736842124 0.19736842105263158 0.021381578947368418 0.019736842105263157
0 0.23273026315789472 0.18667763157894735 0.07730263157894736 0.07401315789473684
0 0.2475328947368419 0.31085526315789475 0.07401315789473684 0.08223684210526315
0 0.18174342105263158 0.3593749999999998 0.018092105263157895 0.014802631578947368
0 0.18421052631578946 0.3231907894736842 0.023026315789473683 0.014802631578947368
0 0.2606907894736842 0.421875 0.05427631578947368 0.044407894736842105
0 0.7113486842105264 0.08141447368421052 0.021381578947368418 0.018092105263157895
0 0.7121710526315789 0.04523026315789473 0.019736842105263157 0.018092105263157895
0 0.7129934210526315 0.011513157894736841 0.018092105263157895 0.019736842105263157
0 0.2014802631578949 0.747532894736842 0.05427631578947368 0.05098684210526316
0 0.11595394736842105 0.7154605263157894 0.03125 0.023026315789473683
0 0.12582236842105263 0.8552631578947368 0.07401315789473684 0.07894736842105263
0 0.11019736842105263 0.9111842105263157 0.023026315789473683 0.013157894736842105
0 0.11101973684210525 0.9424342105263162 0.018092105263157895 0.01644736842105263
0 0.05756578947368421 0.9868421052631579 0.05263157894736842 0.023026315789473683
0 0.9810855263157898 0.07730263157894736 0.021381578947368418 0.023026315789473683
0 0.974506578947368 0.04111842105263139 0.014802631578947368 0.013157894736842105
0 0.9786184210526315 0.007401315789473684 0.019736842105263157 0.014802631578947368
