0 0.1069078947368421 0.6439144736842105 0.03289473684210526 0.024671052631578948
0 0.10444078947368421 0.5518092105263157 0.03453947368421052 0.03782894736842105
0 0.10526315789473684 0.4671052631578947 0.03289473684210526 0.019736842105263157
0 0.10608552631578928 0.37171052631578944 0.03782894736842105 0.039473684210526314
0 0.10608552631578928 0.2911184210526316 0.03782894736842105 0.023026315789473683
0 0.10361842105263157 0.203125 0.03618421052631579 0.03453947368421052
0 0.1019736842105265 0.11266447368421052 0.03289473684210526 0.024671052631578948
0 0.10279605263157894 0.02467105263157876 0.03125 0.019736842105263157
0 0.890625 0.004934210526315789 0.05098684210526316 0.009868421052631578
0 0.8889802631578947 0.08799342105263157 0.04769736842105263 0.024671052631578948
0 0.8996710526315789 0.19407894736842105 0.0625 0.02631578947368421
0 0.8898026315789469 0.3042763157894737 0.049342105263157895 0.042763157894736836
0 0.8914473684210525 0.40131578947368435 0.05263157894736842 0.02631578947368421
0 0.888157894736842 0.5074013157894735 0.049342105263157895 0.03453947368421052
0 0.8914473684210525 0.6118421052631576 0.049342105263157895 0.029605263157894735
