0 0.4761513157894737 0.07648026315789473 0.044407894736842105 0.03453947368421052
0 0.4720394736842107 0.1751644736842105 0.05263157894736842 0.024671052631578948
0 0.4851973684210526 0.2763157894736842 0.039473684210526314 0.029605263157894735
0 0.4835526315789475 0.3758223684210526 0.039473684210526314 0.03125
0 0.4901315789473684 0.47039473684210525 0.03618421052631579 0.03289473684210526
0 0.49671052631578944 0.9638157894736837 0.042763157894736836 0.023026315789473683
0 0.5032894736842105 0.8601973684210525 0.03289473684210526 0.042763157894736836
0 0.4901315789473684 0.765625 0.042763157894736836 0.018092105263157895
0 0.49259868421052627 0.6652960526315789 0.03125 0.024671052631578948
0 0.4901315789473684 0.569078947368421 0.042763157894736836 0.023026315789473683
