0 0.11924342105263157 0.7582236842105263 0.03453947368421052 0.03289473684210526
0 0.10773026315789491 0.7919407894736842 0.02796052631578947 0.03125
0 0.10773026315789491 0.8322368421052632 0.03125 0.029605263157894735
0 0.10855263157894736 0.8667763157894737 0.029605263157894735 0.03289473684210526
0 0.11101973684210525 0.907894736842105 0.03453947368421052 0.029605263157894735
0 0.12335526315789473 0.9424342105263157 0.03289473684210526 0.029605263157894735
0 0.30838815789473684 0.7952302631578947 0.018092105263157895 0.018092105263157895
0 0.3215460526315789 0.8322368421052632 0.018092105263157895 0.019736842105263157
0 0.575657894736842 0.8330592105263156 0.02631578947368421 0.02796052631578938
0 0.5838815789473684 0.8766447368421052 0.023026315789473683 0.023026315789473683
0 0.5855263157894737 0.9169407894736842 0.02631578947368421 0.024671052631578948
0 0.810032894736842 0.8108552631578946 0.021381578947368418 0.023026315789473683
0 0.8264802631578949 0.8470394736842105 0.021381578947368418 0.023026315789473683
0 0.8486842105263154 0.8856907894736842 0.023026315789473496 0.021381578947368418
0 0.37993421052631576 0.9720394736842105 0.029605263157894735 0.029605263157894735
0 0.3733552631578947 0.9383223684210525 0.02631578947368421 0.024671052631578948
0 0.3577302631578947 0.9013157894736842 0.021381578947368418 0.023026315789473683
0 0.3429276315789475 0.8643092105263157 0.02796052631578947 0.024671052631578948
