0 0.8511513157894737 0.07483552631578946 0.05427631578947368 0.03782894736842105
0 0.6200657894736842 0.07730263157894736 0.10855263157894736 0.07894736842105263
0 0.36101973684210525 0.42351973684210525 0.021381578947368418 0.021381578947368418
0 0.3379934210526316 0.45559210526315785 0.02796052631578947 0.023026315789473683
0 0.3100328947368421 0.484375 0.024671052631578948 0.021381578947368418
0 0.265625 0.49506578947368435 0.02796052631578947 0.023026315789473683
0 0.1282894736842105 0.5542763157894737 0.023026315789473683 0.023026315789473683
0 0.1225328947368421 0.3215460526315789 0.024671052631578948 0.021381578947368418
0 0.05674342105263176 0.25 0.04769736842105263 0.029605263157894735
0 0.09950657894736842 0.203125 0.05098684210526316 0.024671052631578948
0 0.12171052631578946 0.15296052631578946 0.039473684210526314 0.029605263157894735
0 0.3001644736842105 0.14967105263157893 0.024671052631578948 0.023026315789473683
0 0.15707236842105263 0.10361842105263157 0.04769736842105263 0.02631578947368421
0 0.20888157894736842 0.0649671052631577 0.046052631578947366 0.024671052631578948
0 0.234375 0.011513157894736841 0.041118421052631575 0.023026315789473683
0 0.7985197368421052 0.6019736842105263 0.07730263157894736 0.046052631578947366
0 0.8001644736842105 0.9777960526315789 0.06085526315789473 0.041118421052631575
