0 0.01644736842105263 0.13651315789473684 0.03289473684210526 0.023026315789473683
0 0.0625 0.8865131578947368 0.01644736842105263 0.013157894736842105
0 0.007401315789473684 0.8371710526315788 0.014802631578947368 0.009868421052631578
0 0.8585526315789473 0.45970394736842085 0.013157894736842105 0.014802631578947368
0 0.8947368421052635 0.49506578947368435 0.019736842105263157 0.019736842105263157
0 0.45805921052631576 0.6143092105263157 0.024671052631578948 0.011513157894736841
0 0.5024671052631579 0.6422697368421052 0.03125 0.011513157894736841
0 0.537828947368421 0.6677631578947368 0.019736842105263157 0.01644736842105263
0 0.5748355263157895 0.694078947368421 0.021381578947368418 0.019736842105263157
0 0.8462171052631575 0.9342105263157894 0.02467105263157876 0.023026315789473683
0 0.865131578947368 0.9761513157894737 0.019736842105263157 0.018092105263157895
0 0.6899671052631579 0.7779605263157894 0.018092105263157895 0.019736842105263157
0 0.6521381578947368 0.75 0.018092105263157895 0.023026315789473683
0 0.606907894736842 0.7245065789473681 0.01644736842105263 0.014802631578947368
0 0.37171052631578944 0.4506578947368421 0.01644736842105263 0.019736842105263157
0 0.33223684210526316 0.37746710526315785 0.019736842105263157 0.018092105263157895
0 0.35115131578947384 0.41447368421052627 0.018092105263157895 0.023026315789473683
0 0.319078947368421 0.34539473684210525 0.023026315789473683 0.01644736842105263
0 0.2886513157894737 0.29934210526315785 0.018092105263157895 0.01644736842105263
0 0.265625 0.26398026315789475 0.018092105263157895 0.018092105263157895
0 0.24013157894736822 0.2294407894736842 0.013157894736842105 0.014802631578947368
0 0.8018092105263157 0.33305921052631576 0.018092105263157895 0.018092105263157895
0 0.7779605263157894 0.29358552631578944 0.013157894736842105 0.014802631578947368
0 0.763157894736842 0.2631578947368421 0.019736842105263157 0.01644736842105263
0 0.7409539473684208 0.22368421052631576 0.024671052631578948 0.01644736842105263
0 0.703125 0.18996710526315788 0.021381578947368418 0.014802631578947368
0 0.6702302631578945 0.1595394736842105 0.021381578947368418 0.01644736842105263
0 0.6398026315789471 0.13157894736842105 0.019736842105263157 0.01644736842105263
0 0.6052631578947368 0.09703947368421052 0.019736842105263157 0.01644736842105263
0 0.5773026315789473 0.06990131578947369 0.02631578947368421 0.014802631578947368
0 0.5115131578947368 0.014802631578947368 0.01644736842105263 0.01644736842105263
