0 0.919407894736842 0.912828947368421 0.05263157894736842 0.07894736842105263
0 0.23273026315789472 0.5814144736842106 0.021381578947368418 0.021381578947368418
0 0.2294407894736842 0.5304276315789473 0.014802631578947368 0.018092105263157895
0 0.2294407894736842 0.48026315789473684 0.018092105263157895 0.019736842105263157
0 0.23108552631578946 0.42927631578947356 0.014802631578947368 0.019736842105263157
0 0.23026315789473684 0.37911184210526316 0.01644736842105263 0.021381578947368418
0 0.23026315789473684 0.03125 0.01644736842105263 0.01644736842105263
0 0.23108552631578946 0.078125 0.014802631578947368 0.018092105263157895
0 0.231907894736842 0.1282894736842105 0.01644736842105263 0.019736842105263157
0 0.23108552631578946 0.1776315789473684 0.014802631578947368 0.013157894736842105
0 0.23355263157894732 0.2269736842105263 0.01644736842105263 0.01644736842105263
0 0.23601973684210525 0.2771381578947368 0.014802631578947368 0.018092105263157895
0 0.23273026315789472 0.3314144736842105 0.018092105263157895 0.018092105263157895
