0 0.013980263157894735 0.5682565789473684 0.02796052631578947 0.07401315789473684
0 0.3231907894736842 0.31167763157894735 0.11677631578947367 0.12335526315789473
0 0.6587171052631579 0.27055921052631576 0.1069078947368421 0.09046052631578946
0 0.8618421052631579 0.8470394736842105 0.019736842105263157 0.019736842105263344
0 0.8898026315789473 0.8166118421052632 0.019736842105263157 0.018092105263157895
0 0.9210526315789473 0.7853618421052632 0.013157894736842105 0.018092105263157895
0 0.9539473684210525 0.7549342105263157 0.013157894736842105 0.019736842105263157
0 0.9876644736842108 0.7286184210526315 0.014802631578947368 0.01644736842105263
0 0.9424342105263162 0.9276315789473687 0.05592105263157894 0.03289473684210526
0 0.8305921052631576 0.8741776315789473 0.023026315789473683 0.014802631578947368
0 0.803453947368421 0.9004934210526315 0.02796052631578947 0.024671052631578948
0 0.050164473684210335 0.21381578947368438 0.018092105263157895 0.019736842105263157
0 0.10032894736842105 0.19161184210526314 0.019736842105263157 0.018092105263157895
