0 0.3042763157894737 0.27467105263157876 0.05921052631578947 0.02631578947368421
0 0.2738486842105263 0.31743421052631576 0.04769736842105263 0.023026315789473683
0 0.24013157894736822 0.334703947368421 0.019736842105263157 0.018092105263157895
0 0.24177631578947367 0.3601973684210526 0.039473684210526314 0.019736842105263157
0 0.20970394736842105 0.37746710526315785 0.03453947368421052 0.018092105263157895
0 0.21628289473684228 0.40213815789473684 0.03782894736842105 0.02796052631578947
0 0.1924342105263156 0.4432565789473684 0.03618421052631579 0.024671052631578948
0 0.1537828947368419 0.45970394736842085 0.03453947368421052 0.018092105263157895
0 0.13651315789473684 0.061677631578947366 0.039473684210526314 0.021381578947368418
0 0.11266447368421052 0.1069078947368421 0.04769736842105263 0.023026315789473683
0 0.06907894736842105 0.13404605263157893 0.03618421052631579 0.024671052631578948
0 0.1957236842105263 0.04523026315789473 0.03289473684210526 0.018092105263157895
0 0.2080592105263158 0.01891447368421034 0.02796052631578947 0.018092105263157895
