0 0.140625 0.140625 0.09046052631578946 0.08388157894736842
0 0.16036184210526314 0.041118421052631575 0.11677631578947367 0.07565789473684212
0 0.4325657894736842 0.03618421052631578 0.019736842105263157 0.023026315789473676
0 0.428453947368421 0.10032894736842105 0.018092105263157895 0.023026315789473683
0 0.4292763157894737 0.17598684210526316 0.01644736842105263 0.023026315789473683
0 0.4317434210526316 0.13733552631578946 0.018092105263157895 0.021381578947368418
0 0.43421052631578944 0.07154605263157893 0.019736842105263157 0.011513157894736841
0 0.18914473684210506 0.8050986842105262 0.08881578947368421 0.03453947368421052
0 0.20230263157894735 0.8930921052631579 0.09539473684210525 0.10855263157894736
0 0.23273026315789472 0.9901315789473684 0.07730263157894736 0.01644736842105263
0 0.428453947368421 0.7105263157894736 0.02796052631578947 0.02631578947368421
0 0.428453947368421 0.6726973684210527 0.021381578947368418 0.02631578947368421
0 0.4317434210526316 0.6373355263157895 0.024671052631578948 0.014802631578947368
0 0.4276315789473684 0.6019736842105262 0.019736842105263157 0.009868421052631578
0 0.7113486842105264 0.9136513157894737 0.021381578947368418 0.018092105263157895
0 0.7121710526315789 0.8774671052631579 0.019736842105263157 0.018092105263157895
0 0.7129934210526315 0.84375 0.018092105263157895 0.019736842105263157
0 0.7088815789473684 0.8092105263157894 0.019736842105263157 0.019736842105263157
0 0.7088815789473684 0.7738486842105263 0.019736842105263157 0.021381578947368418
0 0.7105263157894737 0.7376644736842105 0.01644736842105263 0.018092105263157895
0 0.7105263157894737 0.7023026315789475 0.019736842105263157 0.02631578947368421
0 0.7754934210526315 0.6800986842105263 0.08388157894736842 0.08388157894736842
0 0.709703947368421 0.6677631578947368 0.021381578947368418 0.013157894736842105
0 0.7080592105263157 0.6332236842105263 0.024671052631578948 0.01644736842105263
0 0.7064144736842105 0.5978618421052632 0.024671052631578948 0.024671052631578948
0 0.7845394736842105 0.5345394736842106 0.0756578947368421 0.08223684210526315
0 0.6809210526315789 0.5625 0.019736842105263157 0.019736842105263157
0 0.6907894736842105 0.528782894736842 0.01644736842105263 0.021381578947368418
0 0.709703947368421 0.49424342105263164 0.024671052631578948 0.011513157894736841
0 0.7047697368421052 0.45559210526315796 0.024671052631578948 0.01644736842105263
0 0.9810855263157898 0.9095394736842105 0.021381578947368418 0.023026315789473683
0 0.974506578947368 0.8733552631578945 0.014802631578947368 0.013157894736842105
0 0.9786184210526315 0.8388157894736842 0.019736842105263157 0.01644736842105263
0 0.9769736842105259 0.8042763157894735 0.019736842105263157 0.019736842105263157
0 0.9761513157894737 0.7730263157894738 0.014802631578947368 0.023026315789473683
0 0.9736842105263157 0.734375 0.01644736842105263 0.03125
0 0.974506578947368 0.6981907894736842 0.018092105263157895 0.014802631578947368
0 0.9761513157894737 0.6603618421052632 0.018092105263157895 0.021381578947368418
0 0.9753289473684214 0.6266447368421052 0.013157894736842105 0.019736842105263157
0 0.9736842105263157 0.5896381578947368 0.01644736842105263 0.024671052631578948
0 0.9646381578947368 0.5583881578947368 0.014802631578947368 0.018092105263157895
0 0.9679276315789469 0.5205592105263157 0.018092105263157895 0.018092105263157895
0 0.9769736842105259 0.48684210526315785 0.013157894736842105 0.01644736842105263
0 0.9769736842105259 0.44983552631578944 0.01644736842105263 0.018092105263157895
0 0.9777960526315793 0.4152960526315789 0.014802631578947368 0.011513157894736841
0 0.9794407894736842 0.38157894736842096 0.014802631578947368 0.01644736842105263
0 0.9769736842105259 0.34539473684210525 0.019736842105263157 0.013157894736842105
0 0.9753289473684214 0.31167763157894735 0.01644736842105263 0.018092105263157895
0 0.7072368421052633 0.028782894736842105 0.02631578947368421 0.018092105263157895
