0 0.06990131578947369 0.03700657894736842 0.024671052631578948 0.024671052631578948
0 0.08223684210526315 0.08223684210526316 0.029605263157894735 0.019736842105263157
0 0.10032894736842105 0.13157894736842107 0.02631578947368421 0.019736842105263157
0 0.11266447368421052 0.17187499999999997 0.02796052631578947 0.018092105263157895
0 0.12911184210526316 0.21874999999999994 0.03125 0.019736842105263157
0 0.14144736842105263 0.2574013157894737 0.03289473684210526 0.018092105263157895
0 0.15296052631578946 0.29605263157894735 0.03289473684210526 0.019736842105263157
0 0.16365131578947367 0.3371710526315789 0.02796052631578947 0.019736842105263157
0 0.3725328947368419 0.18503289473684206 0.03782894736842105 0.024671052631578948
0 0.381578947368421 0.22450657894736842 0.03289473684210526 0.024671052631578948
0 0.37746710526315785 0.26973684210526316 0.03125 0.01644736842105263
0 0.39473684210526316 0.305921052631579 0.03289473684210526 0.019736842105263157
0 0.40625 0.34703947368421045 0.029605263157894735 0.01644736842105263
0 0.4161184210526316 0.3881578947368421 0.029605263157894735 0.019736842105263157
0 0.421875 0.42680921052631576 0.03782894736842105 0.018092105263157895
0 0.4276315789473684 0.4662828947368421 0.03289473684210526 0.018092105263157895
0 0.4358552631578947 0.5024671052631577 0.029605263157894735 0.024671052631578948
0 0.44243421052631576 0.5386513157894737 0.03289473684210526 0.024671052631578948
0 0.45559210526315785 0.5830592105263157 0.03289473684210526 0.018092105263157895
0 0.4794407894736842 0.6217105263157895 0.03453947368421052 0.019736842105263157
0 0.4934210526315789 0.6529605263157895 0.02631578947368421 0.019736842105263157
0 0.7639802631578947 0.01644736842105263 0.03125 0.023026315789473683
0 0.7656250000000001 0.05921052631578947 0.03125 0.02631578947368421
0 0.7615131578947368 0.10115131578947367 0.029605263157894735 0.021381578947368418
0 0.7639802631578947 0.140625 0.03453947368421052 0.021381578947368418
0 0.7648026315789473 0.1825657894736842 0.03289473684210526 0.023026315789473683
0 0.7615131578947368 0.22450657894736842 0.03289473684210526 0.021381578947368418
0 0.763157894736842 0.26480263157894735 0.03289473684210526 0.019736842105263157
0 0.763157894736842 0.305921052631579 0.029605263157894735 0.019736842105263157
0 0.7598684210526315 0.34210526315789463 0.029605263157894735 0.019736842105263157
0 0.7574013157894737 0.3873355263157894 0.02796052631578947 0.018092105263157895
0 0.7524671052631579 0.43667763157894746 0.03125 0.021381578947368418
0 0.7442434210526315 0.47121710526315785 0.03125 0.021381578947368418
0 0.7203947368421052 0.5082236842105263 0.03289473684210526 0.01644736842105263
0 0.7047697368421052 0.5518092105263157 0.03125 0.018092105263157895
0 0.7014802631578947 0.5904605263157895 0.02796052631578947 0.019736842105263157
0 0.725328947368421 0.6726973684210527 0.019736842105263157 0.01644736842105263
0 0.731907894736842 0.7138157894736842 0.03618421052631579 0.023026315789473683
0 0.7442434210526315 0.7516447368421051 0.03453947368421052 0.019736842105263157
0 0.7557565789473684 0.794407894736842 0.03453947368421052 0.01644736842105263
0 0.7697368421052632 0.8355263157894737 0.03289473684210526 0.02302631578947359
0 0.778782894736842 0.8741776315789473 0.03125 0.018092105263157895
0 0.794407894736842 0.9161184210526317 0.02631578947368421 0.019736842105263157
0 0.8050986842105262 0.9539473684210524 0.03125 0.02631578947368421
0 0.8141447368421052 0.9934210526315789 0.03289473684210526 0.009868421052631578
