0 0.5189144736842105 0.32072368421052627 0.021381578947368418 0.019736842105263157
0 0.5435855263157895 0.3684210526315789 0.041118421052631575 0.02631578947368421
0 0.5106907894736842 0.43996710526315796 0.03782894736842105 0.02796052631578947
0 0.8305921052631576 0.34621710526315785 0.023026315789473683 0.021381578947368418
0 0.78125 0.37828947368421056 0.02631578947368421 0.02631578947368421
0 0.9021381578947368 0.49177631578947356 0.07730263157894736 0.042763157894736836
0 0.8511513157894737 0.9070723684210525 0.05427631578947368 0.03782894736842105
0 0.6200657894736842 0.9095394736842105 0.10855263157894736 0.07894736842105263
0 0.12171052631578946 0.984375 0.039473684210526314 0.02796052631578947
0 0.3001644736842105 0.981907894736842 0.024671052631578948 0.023026315789473683
0 0.15707236842105263 0.9358552631578947 0.04769736842105263 0.02631578947368421
0 0.20888157894736842 0.8972039473684208 0.046052631578947366 0.024671052631578948
0 0.234375 0.8388157894736842 0.041118421052631575 0.03289473684210526
0 0.2631578947368421 0.7878289473684209 0.042763157894736836 0.02631578947368421
0 0.2944078947368421 0.7401315789473683 0.05263157894736842 0.03289473684210526
0 0.3289473684210526 0.6899671052631579 0.05263157894736842 0.03125
0 0.36595394736842124 0.640625 0.04769736842105263 0.024671052631578948
0 0.5361842105263157 0.5452302631578947 0.039473684210526314 0.021381578947368418
0 0.44572368421052627 0.5435855263157895 0.03289473684210526 0.021381578947368418
0 0.3996710526315789 0.59375 0.046052631578947366 0.023026315789473683
0 0.08799342105263157 0.02138157894736842 0.11348684210526315 0.036184210526315784
