0 0.4202302631578947 0.01726973684210526 0.037828947368421094 0.03453947368421052
0 0.4037828947368421 0.049342105263158076 0.03782894736842105 0.03618421052631579
0 0.3955592105263158 0.08552631578947367 0.03782894736842105 0.03289473684210526
0 0.39802631578947373 0.1225328947368421 0.03618421052631579 0.03782894736842105
0 0.39802631578947373 0.15213815789473684 0.03289473684210526 0.03125
0 0.3922697368421053 0.18667763157894735 0.03453947368421052 0.03453947368421052
0 0.3881578947368421 0.22368421052631576 0.03618421052631579 0.03289473684210526
0 0.3889802631578947 0.2631578947368421 0.03782894736842105 0.03289473684210526
0 0.384046052631579 0.29851973684210525 0.03125 0.03453947368421052
0 0.3856907894736842 0.33305921052631576 0.03125 0.02796052631578947
0 0.3848684210526315 0.3692434210526316 0.03289473684210526 0.03125
0 0.3832236842105263 0.40789473684210525 0.03289473684210526 0.03289473684210526
0 0.3848684210526315 0.4481907894736842 0.039473684210526314 0.03453947368421052
0 0.4013157894736843 0.490953947368421 0.04934210526315794 0.03453947368421052
0 0.39967105263157887 0.5246710526315789 0.03289473684210526 0.029605263157894735
0 0.4087171052631578 0.5608552631578947 0.044407894736842056 0.03618421052631579
0 0.4169407894736843 0.5970394736842105 0.037828947368421094 0.03289473684210526
0 0.48601973684210503 0.7713815789473684 0.024671052631578948 0.029605263157894735
0 0.46381578947368407 0.731907894736842 0.029605263157894735 0.029605263157894735
0 0.4621710526315788 0.7023026315789473 0.02631578947368421 0.03289473684210526
0 0.45230263157894746 0.6414473684210524 0.039473684210526314 0.03618421052631579
0 0.6184210526315789 0.5855263157894735 0.02631578947368421 0.029605263157894735
0 0.6184210526315789 0.5485197368421052 0.02631578947368421 0.024671052631578948
0 0.6093750000000001 0.511513157894737 0.02796052631578947 0.02631578947368421
0 0.6019736842105262 0.4777960526315789 0.029605263157894735 0.02796052631578947
0 0.5953947368421052 0.44161184210526333 0.03289473684210526 0.02796052631578947
0 0.584703947368421 0.40789473684210525 0.03125 0.023026315789473683
0 0.5773026315789473 0.37088815789473684 0.03289473684210526 0.03453947368421052
0 0.5682565789473684 0.30838815789473684 0.02796052631578947 0.03125
0 0.5657894736842105 0.2730263157894737 0.02631578947368421 0.029605263157894735
0 0.5641447368421052 0.2376644736842105 0.029605263157894735 0.02796052631578947
0 0.5657894736842105 0.20230263157894735 0.029605263157894735 0.029605263157894735
0 0.5674342105263157 0.16036184210526297 0.03618421052631579 0.03453947368421052
0 0.569078947368421 0.12335526315789473 0.03289473684210526 0.03289473684210526
0 0.5699013157894739 0.08963815789473684 0.03125 0.03453947368421052
0 0.7574013157894735 0.023026315789473683 0.02796052631578947 0.02631578947368421
0 0.7598684210526315 0.060032894736842105 0.029605263157894735 0.02796052631578947
0 0.7606907894736842 0.09539473684210525 0.02796052631578947 0.029605263157894735
0 0.7615131578947368 0.13486842105263158 0.029605263157894735 0.029605263157894735
0 0.7754934210526315 0.35608552631578944 0.041118421052631575 0.03125
0 0.7722039473684211 0.319078947368421 0.03453947368421052 0.02631578947368421
0 0.7738486842105263 0.28289473684210525 0.03453947368421052 0.02631578947368421
0 0.7746710526315789 0.2425986842105263 0.03289473684210526 0.024671052631578948
0 0.7705592105263159 0.203125 0.03125 0.024671052631578948
0 0.7664473684210527 0.16940789473684228 0.02631578947368421 0.023026315789473683
0 0.9399671052631581 0.006578947368421052 0.03125 0.013157894736842105
0 0.9407894736842105 0.03289473684210526 0.029605263157894735 0.03289473684210526
0 0.9432565789473684 0.07401315789473666 0.03453947368421052 0.029605263157894735
0 0.9555921052631579 0.10855263157894736 0.03289473684210526 0.029605263157894735
