0 0.5674342105263157 0.0550986842105265 0.02631578947368421 0.021381578947368418
0 0.5230263157894739 0.07236842105263176 0.029605263157894735 0.023026315789473683
0 0.22615131578947362 0.014802631578947368 0.02796052631578947 0.02631578947368421
0 0.171875 0.039473684210526314 0.02796052631578947 0.023026315789473683
0 0.1299342105263158 0.060032894736842105 0.02631578947368421 0.024671052631578948
0 0.042763157894736836 0.10115131578947367 0.02631578947368421 0.018092105263157895
0 0.9605263157894737 0.5542763157894737 0.023026315789473683 0.023026315789473683
0 0.8223684210526315 0.4720394736842107 0.029605263157894735 0.023026315789473683
0 0.9547697368421052 0.3215460526315789 0.024671052631578948 0.021381578947368418
0 0.8889802631578949 0.25 0.04769736842105263 0.029605263157894735
0 0.9317434210526315 0.203125 0.05098684210526316 0.024671052631578948
0 0.9539473684210525 0.15296052631578946 0.039473684210526314 0.029605263157894735
0 0.7491776315789475 0.17434210526315788 0.02796052631578947 0.019736842105263157
0 0.981907894736842 0.10361842105263157 0.03289473684210526 0.02631578947368421
0 0.6644736842105263 0.5172697368421052 0.029605263157894735 0.024671052631578948
0 0.6044407894736843 0.5213815789473684 0.03453947368421052 0.02631578947368421
0 0.5279605263157895 0.5641447368421052 0.029605263157894735 0.02631578947368421
0 0.33223684210526316 0.6389802631578947 0.1611842105263158 0.08388157894736842
0 0.10855263157894736 0.7574013157894737 0.14802631578947367 0.07072368421052631
0 0.16036184210526314 0.542763157894737 0.03125 0.023026315789473683
0 0.19901315789473684 0.5172697368421052 0.03289473684210526 0.021381578947368418
0 0.23026315789473684 0.49259868421052627 0.042763157894736836 0.018092105263157895
0 0.2631578947368421 0.4662828947368421 0.03289473684210526 0.021381578947368418
0 0.2919407894736842 0.44243421052631576 0.03125 0.01644736842105263
0 0.32648026315789475 0.42105263157894735 0.03453947368421052 0.01644736842105263
0 0.3577302631578947 0.3963815789473684 0.041118421052631575 0.023026315789473683
0 0.39391447368421045 0.37171052631578944 0.03125 0.019736842105263157
0 0.28125000000000006 0.3544407894736842 0.049342105263157895 0.03782894736842105
0 0.21792763157894735 0.2319078947368421 0.03125 0.019736842105263157
0 0.3412828947368421 0.30180921052631576 0.05427631578947368 0.02796052631578947
0 0.3996710526315789 0.2508223684210526 0.05592105263157899 0.03125
0 0.47121710526315785 0.26480263157894735 0.021381578947368418 0.02631578947368421
0 0.44901315789473684 0.303453947368421 0.019736842105263157 0.021381578947368418
0 0.41776315789473684 0.33634868421052627 0.02960526315789478 0.024671052631578948
0 0.6875 0.716282894736842 0.019736842105263157 0.018092105263157895
0 0.6085526315789473 0.7582236842105263 0.023026315789473683 0.01644736842105263
0 0.5657894736842105 0.78125 0.023026315789473683 0.019736842105263157
0 0.43996710526315796 0.8585526315789473 0.02796052631578947 0.019736842105263157
0 0.40789473684210525 0.8799342105263162 0.03618421052631579 0.02631578947368421
0 0.290296052631579 0.9490131578947368 0.03125 0.019736842105263157
0 0.24671052631578946 0.972861842105263 0.029605263157894735 0.021381578947368418
0 0.21463815789473678 0.9893092105263157 0.02796052631578947 0.018092105263157895
0 0.6151315789473684 0.988486842105263 0.039473684210526314 0.019736842105263157
0 0.6842105263157894 0.9457236842105267 0.023026315789473683 0.019736842105263157
0 0.7253289473684211 0.9177631578947364 0.03289473684210526 0.023026315789473683
0 0.7615131578947368 0.8955592105263157 0.02631578947368421 0.018092105263157895
0 0.3026315789473685 0.1875 0.029605263157894735 0.023026315789473683
0 0.3552631578947368 0.16282894736842105 0.03289473684210526 0.02631578947368421
0 0.6217105263157895 0.17351973684210525 0.029605263157894735 0.02796052631578947
