0 0.9235197368421049 0.4325657894736842 0.05427631578947368 0.05921052631578947
0 0.5838815789473684 0.569078947368421 0.05921052631578947 0.049342105263157895
0 0.24342105263157893 0.6965460526315789 0.019736842105263157 0.014802631578947368
0 0.2763157894736842 0.6768092105263159 0.01644736842105263 0.014802631578947368
0 0.2919407894736842 0.6398026315789471 0.018092105263157895 0.01644736842105263
0 0.28371710526315785 0.6110197368421052 0.018092105263157895 0.011513157894736841
0 0.22615131578947367 0.2664473684210528 0.011513157894736841 0.01644736842105263
0 0.21546052631578946 0.3256578947368421 0.009868421052631578 0.013157894736842105
0 0.22615131578947367 0.35608552631578944 0.011513157894736841 0.014802631578947368
0 0.2319078947368421 0.3840460526315789 0.013157894736842105 0.011513157894736841
0 0.24342105263157893 0.4514802631578947 0.009868421052631578 0.014802631578947368
0 0.25164473684210525 0.47697368421052627 0.009868421052631578 0.013157894736842105
0 0.26151315789473684 0.513157894736842 0.009868421052631578 0.009868421052631578
0 0.010690789473684303 0.606907894736842 0.021381578947368605 0.009868421052631578
0 0.02467105263157876 0.5773026315789473 0.01644736842105263 0.01644736842105263
0 0.029605263157894735 0.5435855263157895 0.009868421052631578 0.014802631578947368
0 0.044407894736842105 0.5172697368421052 0.013157894736842105 0.014802631578947368
0 0.051809210526315784 0.48108552631578944 0.014802631578947368 0.014802631578947368
0 0.044407894736842105 0.0625 0.013157894736842105 0.01644736842105263
0 0.05427631578947368 0.0962171052631579 0.009868421052631578 0.011513157894736841
0 0.17845394736842124 0.08388157894736842 0.011513157894736841 0.013157894736842105
0 0.17351973684210525 0.050164473684210335 0.011513157894736841 0.011513157894736841
0 0.04358552631578947 0.019736842105263157 0.011513157894736841 0.013157894736842105
