0 0.10361842105263157 0.41776315789473684 0.03618421052631579 0.026315789473684254
0 0.09950657894736842 0.5049342105263157 0.03453947368421052 0.01644736842105263
0 0.10361842105263157 0.5945723684210525 0.03618421052631579 0.018092105263157895
0 0.10361842105263157 0.6800986842105263 0.03289473684210526 0.018092105263157895
0 0.1019736842105265 0.769736842105263 0.029605263157894735 0.023026315789473683
0 0.1019736842105265 0.9449013157894737 0.03289473684210526 0.024671052631578948
0 0.10279605263157894 0.8569078947368419 0.03125 0.019736842105263157
0 0.890625 0.8231907894736842 0.05098684210526316 0.03782894736842105
0 0.8898026315789469 0.7228618421052633 0.05263157894736842 0.04769736842105263
0 0.8914473684210525 0.6291118421052632 0.049342105263157895 0.02796052631578947
0 0.8898026315789469 0.5263157894736842 0.049342105263157895 0.042763157894736836
0 0.8889802631578947 0.9202302631578947 0.04769736842105263 0.024671052631578948
