0 0.990953947368421 0.9555921052631579 0.011513157894736841 0.01644736842105263
0 0.990953947368421 0.8930921052631579 0.011513157894736841 0.013157894736842105
0 0.9917763157894737 0.7697368421052632 0.013157894736842105 0.01644736842105263
0 0.9917763157894737 0.709703947368421 0.013157894736842105 0.011513157894736841
0 0.9917763157894737 0.6472039473684208 0.009868421052631578 0.011513157894736841
0 0.9917763157894737 0.5871710526315789 0.013157894736842105 0.009868421052631578
0 0.9917763157894737 0.5254934210526315 0.013157894736842105 0.011513157894736841
0 0.9917763157894737 0.46463815789473684 0.013157894736842105 0.011513157894736841
0 0.9901315789473686 0.4037828947368421 0.016447368421052256 0.014802631578947368
0 0.8429276315789469 0.20888157894736842 0.02467105263157876 0.02631578947368421
0 0.8388157894736844 0.11513157894736842 0.026315789473684396 0.02631578947368421
0 0.84375 0.018092105263157895 0.01644736842105263 0.03618421052631579
0 0.08634868421052631 0.910361842105263 0.021381578947368418 0.018092105263157895
0 0.08388157894736842 0.8215460526315789 0.019736842105263157 0.014802631578947368
0 0.08223684210526315 0.7310855263157894 0.019736842105263157 0.024671052631578948
0 0.08388157894736842 0.6398026315789471 0.01644736842105263 0.019736842105263157
0 0.08470394736842124 0.5534539473684208 0.018092105263157895 0.014802631578947368
0 0.08141447368421052 0.4662828947368421 0.021381578947368418 0.024671052631578948
0 0.08141447368421052 0.37911184210526316 0.018092105263157895 0.014802631578947368
0 0.07976973684210525 0.28536184210526316 0.018092105263157895 0.024671052631578948
0 0.07894736842105281 0.2014802631578949 0.019736842105263157 0.018092105263157895
0 0.07894736842105281 0.11101973684210525 0.01644736842105263 0.014802631578947368
0 0.07894736842105281 0.025493421052631766 0.019736842105263157 0.014802631578947368
