0 0.10773026315789491 0.006578947368421052 0.03125 0.013157894736842105
0 0.10855263157894736 0.03289473684210526 0.029605263157894735 0.03289473684210526
0 0.11101973684210525 0.07401315789473666 0.03453947368421052 0.029605263157894735
0 0.12335526315789473 0.10855263157894736 0.03289473684210526 0.029605263157894735
0 0.18585526315789472 0.24917763157894735 0.039473684210526314 0.02796052631578947
0 0.1924342105263156 0.2911184210526316 0.03289473684210526 0.03289473684210526
0 0.20723684210526314 0.32730263157894735 0.03618421052631579 0.02631578947368421
0 0.21957236842105263 0.36348684210526316 0.03782894736842105 0.02631578947368421
0 0.22368421052631576 0.39884868421052627 0.029605263157894735 0.02796052631578947
0 0.2319078947368421 0.43914473684210525 0.03289473684210526 0.029605263157894735
0 0.2754934210526316 0.765625 0.03782894736842105 0.03125
0 0.2738486842105263 0.7212171052631579 0.03453947368421052 0.02796052631578947
0 0.26151315789473684 0.6924342105263157 0.029605263157894735 0.029605263157894735
0 0.25246710526315785 0.5863486842105263 0.03782894736842105 0.02796052631578947
0 0.24342105263157893 0.5452302631578945 0.029605263157894735 0.03125
0 0.24013157894736822 0.5106907894736842 0.029605263157894735 0.02796052631578947
0 0.24177631578947367 0.47697368421052627 0.02631578947368421 0.02631578947368421
0 0.575657894736842 0.006578947368420959 0.02631578947368421 0.013157894736841917
0 0.5838815789473684 0.042763157894736836 0.023026315789473683 0.023026315789473683
0 0.5855263157894737 0.08305921052631579 0.02631578947368421 0.024671052631578948
0 0.8264802631578949 0.013157894736842105 0.021381578947368418 0.023026315789473683
0 0.8486842105263154 0.051809210526315784 0.023026315789473496 0.021381578947368418
0 0.46546052631578944 0.4745065789473684 0.029605263157894735 0.021381578947368418
0 0.4588815789473684 0.43914473684210525 0.023026315789473683 0.023026315789473683
0 0.45805921052631576 0.3980263157894737 0.024671052631578948 0.02631578947368421
0 0.4514802631578947 0.3601973684210526 0.024671052631578948 0.029605263157894735
0 0.4366776315789475 0.32483552631578944 0.021381578947368418 0.03125
0 0.42351973684210525 0.28782894736842085 0.024671052631578948 0.023026315789473683
0 0.4161184210526316 0.2475328947368421 0.02631578947368421 0.024671052631578948
0 0.4004934210526316 0.21217105263157893 0.024671052631578948 0.029605263157894735
0 0.39555921052631576 0.17927631578947367 0.02796052631578947 0.023026315789473683
0 0.37993421052631576 0.1381578947368421 0.029605263157894735 0.029605263157894735
0 0.3733552631578947 0.10444078947368421 0.02631578947368421 0.024671052631578948
0 0.3577302631578947 0.06743421052631579 0.021381578947368418 0.023026315789473683
0 0.3429276315789475 0.030427631578947366 0.02796052631578947 0.024671052631578948
0 0.48930921052631576 0.5378289473684212 0.02796052631578947 0.023026315789473683
0 0.5032894736842105 0.5748355263157895 0.019736842105263157 0.02796052631578947
0 0.5139802631578947 0.6101973684210525 0.024671052631578948 0.019736842105263157
0 0.5271381578947368 0.6455592105263157 0.024671052631578948 0.024671052631578948
0 0.5271381578947368 0.6809210526315789 0.024671052631578948 0.02631578947368421
0 0.5304276315789476 0.7236842105263157 0.021381578947368418 0.02631578947368421
0 0.5337171052631579 0.7541118421052632 0.021381578947368418 0.021381578947368418
0 0.5230263157894737 0.7976973684210525 0.023026315789473683 0.029605263157894735
0 0.5090460526315789 0.8305921052631579 0.024671052631578948 0.02631578947368421
0 0.506578947368421 0.8675986842105262 0.029605263157894735 0.021381578947368418
0 0.49671052631578944 0.9070723684210525 0.023026315789473683 0.024671052631578948
0 0.4777960526315789 0.9473684210526315 0.024671052631578948 0.02631578947368421
0 0.4638157894736842 0.9835526315789473 0.02631578947368421 0.023026315789473683
