0 0.01644736842105263 0.96875 0.03289473684210526 0.023026315789473683
0 0.44243421052631576 0.7796052631578947 0.02631578947368421 0.01644736842105263
0 0.46875 0.810032894736842 0.023026315789473683 0.011513157894736841
0 0.6702302631578945 0.990953947368421 0.021381578947368418 0.014802631578947368
0 0.6398026315789471 0.9638157894736842 0.019736842105263157 0.01644736842105263
0 0.6052631578947368 0.9292763157894737 0.019736842105263157 0.01644736842105263
0 0.5773026315789473 0.9021381578947368 0.02631578947368421 0.014802631578947368
0 0.5115131578947368 0.8470394736842105 0.01644736842105263 0.01644736842105263
0 0.8922697368421056 0.7376644736842105 0.03125 0.018092105263157895
0 0.8314144736842103 0.6324013157894737 0.014802631578947368 0.024671052631578948
0 0.8462171052631579 0.6644736842105263 0.014802631578947555 0.023026315789473683
0 0.8684210526315789 0.7014802631578948 0.01644736842105263 0.021381578947368418
0 0.7911184210526315 0.5567434210526315 0.01644736842105263 0.024671052631578948
0 0.7771381578947368 0.5189144736842105 0.024671052631578948 0.018092105263157895
0 0.71875 0.45559210526315796 0.019736842105263157 0.02631578947368421
0 0.7582236842105263 0.48355263157894735 0.02631578947368421 0.02631578947368421
0 0.6883223684210525 0.42351973684210514 0.021381578947368418 0.02796052631578947
0 0.6554276315789473 0.39473684210526316 0.021381578947368418 0.02631578947368421
0 0.6217105263157895 0.36184210526315785 0.029605263157894735 0.023026315789473683
0 0.5822368421052632 0.33634868421052627 0.023026315789473683 0.024671052631578948
0 0.5518092105263157 0.3050986842105263 0.021381578947368418 0.024671052631578948
0 0.5411184210526314 0.265625 0.023026315789473683 0.024671052631578948
0 0.5304276315789476 0.2269736842105263 0.024671052631578948 0.023026315789473683
0 0.5164473684210527 0.1907894736842105 0.02631578947368421 0.023026315789473683
0 0.5074013157894735 0.15131578947368424 0.02796052631578947 0.02631578947368421
0 0.49671052631578944 0.10773026315789473 0.023026315789473683 0.024671052631578948
0 0.4835526315789475 0.06990131578947369 0.023026315789473683 0.021381578947368418
0 0.9268092105263154 0.10526315789473686 0.024671052631578948 0.023026315789473683
0 0.898026315789474 0.07236842105263158 0.02631578947368421 0.023026315789473683
