0 0.7245065789473685 0.44901315789473684 0.06743421052631579 0.07894736842105263
0 0.2894736842105263 0.6356907894736842 0.0756578947368421 0.06085526315789473
0 0.04851973684210526 0.9621710526315785 0.09046052631578946 0.07236842105263158
0 0.43667763157894723 0.28125 0.018092105263157895 0.013157894736842105
0 0.46134868421052627 0.25164473684210525 0.018092105263157895 0.013157894736842105
0 0.8174342105263159 0.7310855263157894 0.01644736842105263 0.018092105263157895
0 0.8141447368421053 0.6973684210526315 0.009868421052631578 0.009868421052631578
0 0.8289473684210525 0.6389802631578947 0.013157894736842105 0.011513157894736841
0 0.8421052631578949 0.606907894736842 0.023026315789473683 0.009868421052631578
0 0.8569078947368419 0.5773026315789473 0.01644736842105263 0.01644736842105263
0 0.8618421052631579 0.5435855263157895 0.009868421052631578 0.014802631578947368
0 0.8766447368421052 0.5172697368421052 0.013157894736842105 0.014802631578947368
0 0.8840460526315789 0.48108552631578944 0.014802631578947368 0.014802631578947368
0 0.513157894736842 0.41365131578947384 0.023026315789473683 0.018092105263157895
0 0.5904605263157895 0.31496710526315785 0.009868421052631578 0.014802631578947368
0 0.6151315789473684 0.29276315789473684 0.013157894736842105 0.013157894736842105
0 0.6430921052631579 0.25493421052631576 0.009868421052631578 0.009868421052631578
0 0.8766447368421052 0.0625 0.013157894736842105 0.01644736842105263
0 0.8865131578947368 0.0962171052631579 0.009868421052631578 0.011513157894736841
0 0.48601973684210503 0.0962171052631579 0.018092105263157895 0.018092105263157895
0 0.4851973684210526 0.0625 0.019736842105263157 0.019736842105263157
0 0.6060855263157895 0.01726973684210526 0.014802631578947368 0.014802631578947368
0 0.7796052631578947 0.13240131578947367 0.013157894736842105 0.011513157894736841
0 0.7820723684210525 0.17434210526315788 0.014802631578947368 0.009868421052631578
0 0.6587171052631579 0.1875 0.014802631578947368 0.013157894736842105
0 0.6496710526315789 0.15707236842105263 0.009868421052631578 0.014802631578947368
0 0.6307565789473684 0.08717105263157894 0.011513157894736841 0.009868421052631578
0 0.622532894736842 0.05674342105263176 0.011513157894736841 0.014802631578947368
0 0.4827302631578947 0.02467105263157876 0.018092105263157895 0.013157894736842105
0 0.7467105263157896 0.01726973684210526 0.013157894736842105 0.011513157894736841
0 0.7590460526315789 0.05921052631578947 0.014802631578947368 0.01644736842105263
0 0.7722039473684211 0.10115131578947367 0.014802631578947368 0.018092105263157895
0 0.8758223684210525 0.019736842105263157 0.011513157894736841 0.013157894736842105
