0 0.825657894736842 0.13651315789473684 0.07894736842105263 0.023026315789473683
0 0.3667763157894737 0.41118421052631576 0.02631578947368421 0.013157894736842105
0 0.4259868421052631 0.4564144736842105 0.01644736842105263 0.018092105263157895
0 0.4703947368421053 0.5049342105263157 0.019736842105263157 0.013157894736842105
0 0.5995065789473684 0.6192434210526315 0.014802631578947368 0.011513157894736841
0 0.6578947368421052 0.6718750000000001 0.019736842105263157 0.011513157894736841
0 0.894736842105263 0.8865131578947368 0.01644736842105263 0.013157894736842105
0 0.8396381578947368 0.8371710526315788 0.014802631578947461 0.009868421052631578
0 0.359375 0.8174342105263159 0.018092105263157895 0.009868421052631578
0 0.3042763157894737 0.7689144736842105 0.01644736842105263 0.011513157894736841
0 0.2541118421052631 0.7261513157894737 0.018092105263157895 0.011513157894736841
0 0.20230263157894735 0.6759868421052632 0.01644736842105263 0.013157894736842105
0 0.15296052631578946 0.6307565789473684 0.013157894736842105 0.014802631578947368
0 0.10361842105263157 0.578125 0.023026315789473683 0.014802631578947368
