0 0.04769736842105263 0.42927631578947356 0.019736842105263164 0.019736842105263157
0 0.03865131578947368 0.4827302631578947 0.014802631578947368 0.018092105263157895
0 0.024671052631578944 0.5353618421052632 0.01315789473684211 0.018092105263157895
0 0.013157894736842108 0.584703947368421 0.01315789473684211 0.014802631578947368
0 0.9111842105263159 0.9432565789473684 0.01644736842105263 0.014802631578947368
0 0.9111842105263159 0.8577302631578949 0.019736842105263157 0.014802631578947368
0 0.9111842105263159 0.7689144736842104 0.01644736842105263 0.014802631578947368
0 0.9095394736842105 0.6866776315789472 0.019736842105263157 0.05427631578947368
0 0.9087171052631579 0.591282894736842 0.018092105263157895 0.014802631578947368
0 0.9095394736842105 0.5032894736842105 0.019736842105263157 0.019736842105263157
0 0.9070723684210525 0.412828947368421 0.018092105263157895 0.019736842105263157
0 0.9185855263157894 0.328125 0.014802631578947368 0.014802631578947368
0 0.9087171052631579 0.23766447368421045 0.018092105263157895 0.014802631578947368
0 0.9078947368421052 0.14967105263157893 0.019736842105263157 0.013157894736842105
0 0.5978618421052632 0.988486842105263 0.011513157894736841 0.01644736842105263
0 0.5986842105263157 0.9449013157894737 0.009868421052631578 0.014802631578947368
0 0.5986842105263157 0.9013157894736842 0.013157894736842105 0.01644736842105263
0 0.600328947368421 0.8601973684210525 0.013157894736842105 0.01644736842105263
0 0.5986842105263157 0.819078947368421 0.013157894736842105 0.013157894736842105
0 0.5995065789473684 0.7763157894736842 0.014802631578947368 0.01644736842105263
0 0.600328947368421 0.7327302631578947 0.013157894736842105 0.018092105263157895
0 0.6019736842105262 0.6924342105263157 0.009868421052631578 0.013157894736842105
0 0.5995065789473684 0.6513157894736843 0.014802631578947368 0.013157894736842105
0 0.5986842105263157 0.6093750000000001 0.013157894736842105 0.018092105263157895
0 0.5962171052631579 0.5666118421052632 0.011513157894736841 0.014802631578947368
0 0.5978618421052632 0.5222039473684209 0.011513157894736841 0.011513157894736841
0 0.5986842105263157 0.48026315789473684 0.013157894736842105 0.013157894736842105
0 0.5995065789473684 0.4407894736842106 0.011513157894736841 0.013157894736842105
0 0.5978618421052632 0.39802631578947373 0.011513157894736841 0.013157894736842105
0 0.59375 0.3569078947368421 0.013157894736842105 0.013157894736842105
0 0.5962171052631579 0.31496710526315785 0.018092105263157895 0.011513157894736841
0 0.5962171052631579 0.2730263157894736 0.014802631578947368 0.013157894736842105
0 0.5879934210526316 0.23026315789473684 0.014802631578947368 0.013157894736842105
0 0.5879934210526316 0.1899671052631579 0.014802631578947368 0.014802631578947368
0 0.5921052631578947 0.1488486842105263 0.01644736842105263 0.018092105263157895
0 0.59375 0.10361842105263157 0.013157894736842105 0.013157894736842105
0 0.59375 0.060032894736842105 0.01644736842105263 0.014802631578947368
0 0.5929276315789472 0.020559210526315787 0.014802631578947368 0.014802631578947368
0 0.1439144736842105 0.9523026315789473 0.011513157894736841 0.009868421052631578
0 0.1644736842105263 0.8922697368421052 0.009868421052631578 0.011513157894736841
0 0.1957236842105263 0.7738486842105263 0.009868421052631578 0.011513157894736841
0 0.22615131578947362 0.6644736842105263 0.011513157894736841 0.013157894736842105
0 0.25164473684210525 0.5625 0.009868421052631578 0.013157894736842105
0 0.265625 0.513157894736842 0.011513157894736841 0.013157894736842105
0 0.27878289473684204 0.459703947368421 0.011513157894736841 0.014802631578947368
0 0.272203947368421 0.3922697368421053 0.011513157894736841 0.014802631578947368
0 0.27055921052631576 0.33305921052631576 0.014802631578947368 0.014802631578947368
0 0.272203947368421 0.2730263157894736 0.011513157894736841 0.013157894736842105
0 0.26973684210526316 0.21217105263157893 0.013157894736842105 0.013157894736842105
0 0.26973684210526316 0.15213815789473684 0.013157894736842105 0.014802631578947368
0 0.26973684210526316 0.08799342105263158 0.013157894736842105 0.014802631578947368
0 0.26809210526315785 0.029605263157894735 0.013157894736842105 0.009868421052631578
