0 0.7746710526315789 0.381578947368421 0.06907894736842105 0.08552631578947367
0 0.7870065789473684 0.4934210526315789 0.05427631578947368 0.042763157894736836
0 0.7631578947368419 0.25493421052631576 0.08223684210526315 0.06907894736842105
0 0.7327302631578945 0.12746710526315788 0.09375 0.10361842105263157
0 0.7360197368421052 0.03865131578947368 0.06085526315789473 0.03453947368421052
0 0.41776315789473684 0.12335526315789473 0.02960526315789469 0.019736842105263157
0 0.41447368421052627 0.2014802631578949 0.023026315789473638 0.014802631578947368
0 0.41365131578947373 0.23848684210526314 0.024671052631578993 0.013157894736842105
0 0.4103618421052631 0.26973684210526316 0.024671052631578993 0.019736842105263157
0 0.41447368421052627 0.30098684210526316 0.026315789473684164 0.023026315789473683
0 0.033717105263157895 0.4161184210526316 0.06743421052631579 0.046052631578947366
0 0.26233552631578944 0.6291118421052633 0.08717105263157894 0.10361842105263157
0 0.26233552631578944 0.7976973684210525 0.08388157894736842 0.10526315789473684
0 0.44572368421052627 0.59375 0.023026315789473683 0.023026315789473683
0 0.4539473684210525 0.625 0.029605263157894735 0.019736842105263157
0 0.4120065789473684 0.42351973684210525 0.018092105263157895 0.021381578947368418
0 0.412828947368421 0.45559210526315785 0.023026315789473638 0.01644736842105263
0 0.7129934210526315 0.4251644736842105 0.018092105263157895 0.018092105263157895
0 0.7129934210526315 0.4572368421052631 0.018092105263157895 0.013157894736842105
0 0.71875 0.4901315789473684 0.019736842105263157 0.01644736842105263
0 0.7138157894736842 0.5246710526315789 0.023026315789473683 0.023026315789473683
0 0.7828947368421051 0.5773026315789473 0.05263157894736842 0.05592105263157894
0 0.6513157894736841 0.9235197368421049 0.0756578947368421 0.07730263157894736
0 0.640625 0.7853618421052632 0.02796052631578947 0.021381578947368418
0 0.7286184210526317 0.8166118421052632 0.049342105263157895 0.04769736842105263
0 0.638157894736842 0.9810855263157898 0.019736842105263157 0.018092105263157895
