0 0.8601973684210525 0.49671052631578944 0.03289473684210526 0.039473684210526314
0 0.734375 0.537828947368421 0.044407894736842105 0.05592105263157894
0 0.6134868421052632 0.5814144736842106 0.049342105263157895 0.05756578947368421
0 0.5189144736842105 0.6455592105263157 0.05427631578947368 0.06085526315789473
0 0.41365131578947384 0.712171052631579 0.06085526315789473 0.05263157894736842
0 0.27713815789473684 0.7458881578947367 0.07401315789473684 0.04769736842105263
0 0.11842105263157876 0.8067434210526315 0.05592105263157894 0.03782894736842105
0 0.01726973684210526 0.8379934210526315 0.03453947368421052 0.044407894736842105
0 0.42105263157894735 0.9407894736842105 0.01644736842105263 0.013157894736842105
0 0.4720394736842107 0.9029605263157894 0.01644736842105263 0.019736842105263157
0 0.5550986842105261 0.8371710526315791 0.014802631578947368 0.01973684210526325
0 0.6003289473684208 0.796875 0.01644736842105263 0.018092105263157895
0 0.6422697368421052 0.7606907894736842 0.011513157894736841 0.011513157894736841
0 0.6866776315789473 0.7236842105263157 0.014802631578947368 0.013157894736842105
0 0.7228618421052632 0.6891447368421052 0.014802631578947368 0.01644736842105263
0 0.772203947368421 0.653782894736842 0.014802631578947368 0.014802631578947368
0 0.8116776315789471 0.6208881578947368 0.014802631578947368 0.021381578947368418
0 0.763157894736842 0.9514802631578947 0.023026315789473683 0.021381578947368418
0 0.8042763157894737 0.9120065789473684 0.01644736842105263 0.014802631578947368
0 0.84375 0.8774671052631579 0.019736842105263157 0.018092105263157895
0 0.888980263157895 0.841282894736842 0.014802631578947368 0.014802631578947274
0 0.9333881578947372 0.8050986842105262 0.018092105263157895 0.014802631578947368
0 0.9613486842105262 0.7598684210526315 0.011513157894736841 0.019736842105263157
