0 0.669407894736842 0.20559210526315788 0.09539473684210525 0.08223684210526318
0 0.9588815789473684 0.24588815789473684 0.02631578947368421 0.021381578947368418
0 0.9588815789473684 0.20723684210526314 0.023026315789473683 0.019736842105263157
0 0.959703947368421 0.171875 0.024671052631578948 0.024671052631578948
0 0.9621710526315789 0.14144736842105263 0.01644736842105263 0.013157894736842105
0 0.9613486842105262 0.10526315789473686 0.018092105263157895 0.01644736842105263
0 0.959703947368421 0.07236842105263158 0.024671052631578948 0.01644736842105263
0 0.9613486842105262 0.03618421052631579 0.024671052631578948 0.019736842105263164
0 0.7327302631578945 0.953125 0.09375 0.09046052631578946
0 0.7360197368421052 0.8708881578947368 0.06085526315789473 0.03453947368421052
0 0.9588815789473684 0.6735197368421052 0.02631578947368421 0.014802631578947368
0 0.9613486842105262 0.7113486842105263 0.02796052631578947 0.018092105263157895
0 0.9613486842105262 0.7417763157894737 0.02796052631578947 0.01644736842105263
0 0.957236842105263 0.7771381578947368 0.023026315789473683 0.018092105263157895
0 0.41776315789473684 0.9555921052631579 0.02960526315789469 0.019736842105263157
