0 0.6685855263157895 0.009046052631578948 0.011513157894736841 0.018092105263157895
0 0.6669407894736842 0.04029605263157895 0.014802631578947368 0.018092105263157895
0 0.8799342105263157 0.18914473684210506 0.07236842105263158 0.0625
0 0.6776315789473684 0.14309210526315808 0.02631578947368421 0.023026315789473683
0 0.6710526315789473 0.109375 0.01644736842105263 0.014802631578947368
0 0.6735197368421052 0.07483552631578946 0.014802631578947368 0.014802631578947368
0 0.8758223684210522 0.39555921052631576 0.08717105263157894 0.12006578947368421
0 0.4070723684210526 0.14720394736842105 0.021381578947368418 0.021381578947368418
0 0.4070723684210526 0.11677631578947367 0.018092105263157895 0.02631578947368421
0 0.40542763157894735 0.08141447368421052 0.018092105263157895 0.021381578947368418
0 0.4046052631578947 0.04523026315789473 0.019736842105263157 0.018092105263157895
0 0.4046052631578947 0.009868421052631766 0.01644736842105263 0.019736842105263157
