0 0.7697368421052632 0.006578947368421052 0.03289473684210526 0.013157894736842105
0 0.778782894736842 0.04029605263157895 0.03125 0.018092105263157895
0 0.794407894736842 0.08223684210526334 0.02631578947368421 0.019736842105263157
0 0.8050986842105262 0.12006578947368401 0.03125 0.02631578947368421
0 0.8141447368421052 0.1644736842105263 0.03289473684210526 0.019736842105263157
0 0.8273026315789473 0.203125 0.029605263157894735 0.018092105263157895
0 0.8371710526315788 0.2425986842105263 0.03289473684210545 0.021381578947368418
0 0.8708881578947368 0.4251644736842105 0.03453947368421052 0.021381578947368418
0 0.8799342105263162 0.4629934210526315 0.03289473684210526 0.024671052631578948
0 0.8898026315789473 0.5090460526315789 0.029605263157894735 0.024671052631578948
0 0.8988486842105262 0.5501644736842105 0.03453947368421052 0.021381578947368418
0 0.9095394736842105 0.591282894736842 0.03289473684210526 0.024671052631578948
0 0.9177631578947364 0.631578947368421 0.03289473684210526 0.023026315789473683
0 0.9333881578947372 0.6751644736842105 0.04769736842105263 0.021381578947368418
0 0.9375 0.7138157894736842 0.03618421052631579 0.01644736842105263
0 0.9457236842105267 0.7516447368421052 0.029605263157894735 0.019736842105263157
0 0.9588815789473684 0.7927631578947368 0.03618421052631579 0.019736842105263157
0 0.9671052631578947 0.834703947368421 0.03289473684210526 0.024671052631578948
0 0.9753289473684214 0.872532894736842 0.03618421052631579 0.018092105263157895
0 0.9843750000000001 0.9103618421052635 0.0279605263157891 0.014802631578947368
0 0.990953947368421 0.9506578947368425 0.014802631578947368 0.019736842105263157
0 0.9925986842105262 0.988486842105263 0.011513157894736841 0.01644736842105263
