0 0.06990131578947369 0.810032894736842 0.03782894736842106 0.03453947368421052
0 0.07648026315789473 0.6875 0.024671052631578948 0.03618421052631579
0 0.07565789473684212 0.5641447368421052 0.03289473684210526 0.03618421052631579
0 0.06743421052631579 0.06907894736842105 0.029605263157894735 0.039473684210526314
0 0.07401315789473684 0.19325657894736842 0.02631578947368421 0.047697368421052606
0 0.07236842105263158 0.3133223684210526 0.02631578947368421 0.07072368421052631
0 0.07236842105263158 0.44161184210526305 0.02631578947368421 0.041118421052631575
0 0.8898026315789473 0.9161184210526315 0.03618421052631579 0.03289473684210526
0 0.8889802631578949 0.8018092105263157 0.03453947368421052 0.041118421052631575
0 0.8898026315789473 0.6833881578947368 0.03618421052631579 0.03453947368421052
0 0.8889802631578949 0.569078947368421 0.03453947368421052 0.042763157894736836
0 0.8873355263157896 0.4514802631578947 0.03125 0.03125
0 0.8873355263157896 0.33634868421052627 0.03125 0.03125
0 0.8889802631578949 0.22121710526315788 0.03125 0.03125
0 0.888157894736842 0.10279605263157894 0.03289473684210526 0.03125
