0 0.07648026315789473 0.42351973684210514 0.03782894736842105 0.03453947368421052
0 0.17845394736842124 0.334703947368421 0.03453947368421052 0.03453947368421052
0 0.3157894736842105 0.2713815789473684 0.029605263157894735 0.03618421052631579
0 0.3782894736842107 0.1751644736842105 0.02631578947368421 0.02796052631578947
0 0.4317434210526316 0.06743421052631579 0.02796052631578947 0.03289473684210526
0 0.542763157894737 0.01644736842105263 0.02631578947368421 0.01644736842105263
0 0.9654605263157894 0.3651315789473684 0.049342105263157895 0.05592105263157894
0 0.3067434210526316 0.810032894736842 0.014802631578947368 0.011513157894736841
0 0.30098684210526316 0.778782894736842 0.009868421052631578 0.011513157894736841
0 0.044407894736842105 0.894736842105263 0.013157894736842105 0.01644736842105263
0 0.05427631578947368 0.928453947368421 0.009868421052631578 0.011513157894736841
0 0.17845394736842124 0.9161184210526315 0.011513157894736841 0.013157894736842105
0 0.17351973684210525 0.8824013157894735 0.011513157894736841 0.011513157894736841
0 0.03536184210526316 0.8182565789473685 0.018092105263157895 0.011513157894736841
0 0.04358552631578947 0.8519736842105262 0.011513157894736841 0.013157894736842105
