0 0.125 0.24588815789473684 0.02631578947368421 0.021381578947368418
0 0.125 0.20723684210526314 0.023026315789473683 0.019736842105263157
0 0.12582236842105263 0.171875 0.024671052631578948 0.024671052631578948
0 0.1282894736842105 0.14144736842105263 0.01644736842105263 0.013157894736842105
0 0.12746710526315788 0.10526315789473686 0.018092105263157895 0.01644736842105263
0 0.12582236842105263 0.07236842105263158 0.024671052631578948 0.01644736842105263
0 0.12746710526315788 0.03618421052631579 0.024671052631578948 0.019736842105263164
0 0.40213815789473684 0.10032894736842105 0.024671052631578948 0.01644736842105263
0 0.40296052631578944 0.029605263157894735 0.02631578947368421 0.01644736842105263
0 0.401315789473684 0.06332236842105264 0.02631578947368421 0.018092105263157895
0 0.6677631578947368 0.38157894736842096 0.01644736842105263 0.02631578947368421
0 0.6677631578947368 0.41365131578947356 0.01644736842105263 0.014802631578947368
0 0.6694078947368419 0.4514802631578947 0.01644736842105263 0.018092105263157895
0 0.6702302631578947 0.48601973684210503 0.011513157894736841 0.014802631578947368
0 0.6694078947368419 0.5230263157894739 0.013157894736842105 0.01644736842105263
0 0.6710526315789473 0.5575657894736841 0.019736842105263157 0.01644736842105263
0 0.6603618421052632 0.5904605263157895 0.018092105263157895 0.02631578947368421
0 0.6578947368421052 0.6266447368421052 0.013157894736842105 0.01644736842105263
0 0.6694078947368419 0.6603618421052632 0.013157894736842105 0.021381578947368418
0 0.6677631578947368 0.696546052631579 0.013157894736842105 0.024671052631578948
0 0.6702302631578947 0.7310855263157894 0.018092105263157895 0.014802631578947368
0 0.6751644736842105 0.7689144736842104 0.03125 0.021381578947368418
0 0.6702302631578947 0.8042763157894735 0.018092105263157895 0.023026315789473683
0 0.6685855263157895 0.8404605263157894 0.011513157894736841 0.01973684210526325
0 0.6669407894736842 0.872532894736842 0.014802631578947368 0.018092105263157895
0 0.8799342105263157 0.9942434210526315 0.07236842105263158 0.008223684210526503
0 0.6776315789473684 0.9753289473684212 0.02631578947368421 0.023026315789473683
0 0.6710526315789473 0.941611842105263 0.01644736842105263 0.014802631578947368
0 0.6735197368421052 0.9070723684210525 0.014802631578947368 0.014802631578947368
0 0.125 0.6735197368421052 0.02631578947368421 0.014802631578947368
0 0.12746710526315788 0.7113486842105263 0.02796052631578947 0.018092105263157895
0 0.12746710526315788 0.7417763157894737 0.02796052631578947 0.01644736842105263
0 0.12335526315789473 0.7771381578947368 0.023026315789473683 0.018092105263157895
0 0.47121710526315785 0.7508223684210525 0.08717105263157894 0.0805921052631579
0 0.48108552631578944 0.605263157894737 0.07401315789473684 0.08223684210526315
0 0.39884868421052627 0.5279605263157895 0.024671052631578948 0.019736842105263157
0 0.40213815789473684 0.5608552631578947 0.021381578947368418 0.019736842105263157
0 0.3733552631578947 0.6315789473684209 0.019736842105263157 0.023026315789473683
0 0.4046052631578947 0.6661184210526315 0.019736842105263157 0.023026315789473683
0 0.40213815789473684 0.7080592105263157 0.018092105263157895 0.024671052631578948
0 0.4046052631578947 0.7393092105263157 0.019736842105263157 0.021381578947368418
0 0.40213815789473684 0.7738486842105263 0.018092105263157895 0.02796052631578947
0 0.40213815789473684 0.8083881578947368 0.024671052631578948 0.021381578947368418
0 0.4070723684210526 0.9794407894736842 0.021381578947368418 0.021381578947368418
0 0.4070723684210526 0.9490131578947368 0.018092105263157895 0.02631578947368421
0 0.40542763157894735 0.9136513157894737 0.018092105263157895 0.021381578947368418
0 0.4046052631578947 0.8774671052631579 0.019736842105263157 0.018092105263157895
0 0.4046052631578947 0.8421052631578949 0.01644736842105263 0.019736842105263157
