0 0.875 0.175 0.25 0.20625
0 0.4703125 0.8421875 0.021875 0.040625
0 0.51015625 0.8359375 0.0328125 0.0328125
0 0.54609375 0.82109375 0.0265625 0.0359375
0 0.58203125 0.80859375 0.0265625 0.0375
0 0.61796875 0.8046875 0.028125 0.0296875
0 0.6578125 0.79609375 0.0296875 0.0328125
0 0.984375 0.75234375 0.03125 0.0375
0 0.93984375 0.75390625 0.028125 0.034375
0 0.9109375 0.76640625 0.0296875 0.0296875
0 0.80546875 0.77578125 0.028125 0.0375
0 0.7640625 0.784375 0.03125 0.0296875
0 0.7296875 0.78828125 0.028125 0.0296875
0 0.69609375 0.78671875 0.0265625 0.0265625
0 0.69296875 0.5625 0.021875 0.0296875
0 0.6578125 0.56953125 0.021875 0.021875
0 0.61640625 0.5703125 0.0265625 0.025
0 0.57890625 0.5765625 0.0296875 0.025
0 0.54375 0.59140625 0.03125 0.021875
0 0.50625 0.6046875 0.021875 0.025
0 0.46875 0.61171875 0.01875 0.0265625
0 0.75625 0.5390625 0.021875 0.028125
0 0.79375 0.525 0.028125 0.01875
0 0.82890625 0.5140625 0.01875 0.025
0 0.8640625 0.50078125 0.025 0.025
0 0.9 0.50078125 0.0265625 0.025
0 0.9421875 0.49765625 0.0265625 0.021875
0 0.97265625 0.49453125 0.021875 0.021875