0 0.03125 0.1828125 0.0625 0.2125
0 0.76015625 0.45625 0.021875 0.0265625
0 0.79453125 0.43984375 0.01875 0.021875
0 0.83359375 0.4203125 0.01875 0.021875
0 0.8703125 0.4 0.015625 0.021875
0 0.90703125 0.38203125 0.01875 0.021875
0 0.92265625 0.35703125 0.015625 0.021875
0 0.9546875 0.35625 0.01875 0.021875
0 0.996875 0.33125 0.00625 0.021875
0 0.8515625 0.13828125 0.015625 0.021875
0 0.89140625 0.11171875 0.021875 0.021875
0 0.92421875 0.08515625 0.0125 0.01875
0 0.95703125 0.05546875 0.015625 0.021875
0 0.99140625 0.034375 0.015625 0.01875