0 0.015625 0.71875 0.0125 0.025
0 0.17890625 0.6328125 0.01875 0.015625
0 0.25234375 0.59296875 0.01875 0.01875
0 0.21484375 0.61171875 0.021875 0.01875
0 0.284375 0.5796875 0.015625 0.021875
0 0.33046875 0.54921875 0.015625 0.01875
0 0.365625 0.5265625 0.01875 0.01875
0 0.4 0.50078125 0.015625 0.0125
0 0.40625 0.99453125 0.015625 0.0109375
0 0.43984375 0.9640625 0.015625 0.021875
0 0.4703125 0.93125 0.015625 0.021875
0 0.4984375 0.90078125 0.015625 0.0203125
0 0.53203125 0.86640625 0.0140625 0.0203125