0 0.55390625 0.0265625 0.0328125 0.0328125
0 0.55546875 0.0671875 0.040625 0.034375
0 0.571875 0.109375 0.05 0.034375
0 0.5703125 0.14375 0.0328125 0.0296875
0 0.57890625 0.1796875 0.04375 0.0359375
0 0.5875 0.215625 0.0375 0.0328125
0 0.65625 0.38984375 0.025 0.0296875
0 0.634375 0.35078125 0.0296875 0.0296875
0 0.6328125 0.32109375 0.0265625 0.0328125
0 0.62265625 0.26015625 0.040625 0.0359375
0 0.7890625 0.20390625 0.0265625 0.0296875
0 0.7890625 0.1671875 0.0265625 0.025
0 0.7796875 0.13046875 0.028125 0.0265625
0 0.77265625 0.096875 0.0296875 0.028125
0 0.765625 0.06015625 0.0328125 0.028125
0 0.7546875 0.0265625 0.03125 0.021875