0 0.996875 0.159375 0.00625 0.021875
0 0.8109375 0.01015625 0.021875 0.0203125
0 0.77109375 0.03671875 0.021875 0.028125
0 0.7453125 0.04296875 0.01875 0.0265625
0 0.728125 0.06796875 0.021875 0.028125
0 0.69921875 0.07109375 0.01875 0.028125
0 0.68046875 0.09921875 0.021875 0.028125
0 0.65390625 0.1015625 0.021875 0.021875
0 0.6359375 0.1296875 0.01875 0.0296875
0 0.61015625 0.13125 0.015625 0.0265625
0 0.5953125 0.159375 0.025 0.0296875
0 0.55546875 0.1828125 0.01875 0.0296875
0 0.51171875 0.215625 0.021875 0.0296875
0 0.47421875 0.2421875 0.021875 0.028125
0 0.44140625 0.2640625 0.01875 0.028125