0 0.4765625 0.065625 0.028125 0.021875
0 0.525 0.03984375 0.0265625 0.01875
0 0.5734375 0.01328125 0.025 0.01875
0 0.6671875 0.00703125 0.021875 0.0140625
0 0.79140625 0.18828125 0.0265625 0.01875
0 0.74375 0.21328125 0.01875 0.01875
0 0.6890625 0.2375 0.015625 0.01875
0 0.63828125 0.26484375 0.015625 0.01875
0 0.59140625 0.28828125 0.021875 0.01875
0 0.54140625 0.31484375 0.015625 0.01875
0 0.4875 0.34296875 0.0265625 0.021875
0 0.04375 0.9203125 0.025 0.021875
0 0.01171875 0.9421875 0.015625 0.01875
0 0.35 0.996875 0.01875 0.00625
0 0.36953125 0.98046875 0.021875 0.028125
0 0.3921875 0.978125 0.015625 0.021875
0 0.32265625 0.73203125 0.0265625 0.03125
0 0.3609375 0.71328125 0.025 0.0296875
0 0.39765625 0.6890625 0.0046875 0.028125