0 0.72421875 0.51484375 0.015625 0.025
0 0.73828125 0.553125 0.025 0.01875
0 0.796875 0.61640625 0.01875 0.0265625
0 0.75703125 0.58828125 0.0265625 0.0265625
0 0.82734375 0.6484375 0.021875 0.028125
0 0.86015625 0.67734375 0.021875 0.0265625
0 0.89375 0.71015625 0.0296875 0.021875
0 0.93359375 0.73515625 0.021875 0.025
0 0.9640625 0.76640625 0.021875 0.025
0 0.97421875 0.80625 0.021875 0.025
0 0.98515625 0.84453125 0.025 0.021875
0 0.99296875 0.88125 0.0140625 0.021875
0 0.996875 0.91953125 0.00625 0.0265625
0 0.625 0.99375 0.0125 0.0125