0 0.3875 0.009375 0.175 0.01875
0 0.0109375 0.6734375 0.021875 0.015625
0 0.02890625 0.71015625 0.021875 0.01875
0 0.05390625 0.72578125 0.021875 0.015625
0 0.0546875 0.7578125 0.021875 0.01875
0 0.07890625 0.80546875 0.021875 0.015625
0 0.10234375 0.82421875 0.01875 0.01875
0 0.10078125 0.8515625 0.0125 0.015625
0 0.12890625 0.86875 0.0234375 0.021875
0 0.12734375 0.89609375 0.01875 0.015625
0 0.153125 0.91484375 0.015625 0.0125
0 0.15390625 0.94375 0.01875 0.01875
0 0.17265625 0.9859375 0.01875 0.021875
0 0.27265625 0.6546875 0.021875 0.015625
0 0.29375 0.69375 0.0125 0.021875