0 0.50234375 0.60234375 0.078125 0.0671875
0 0.334375 0.88984375 0.0125 0.01875
0 0.784375 0.509375 0.01875 0.015625
0 0.75078125 0.5125 0.009375 0.009375
0 0.6921875 0.49765625 0.0125 0.0125
0 0.66015625 0.484375 0.009375 0.021875
0 0.63046875 0.46953125 0.015625 0.015625
0 0.596875 0.46484375 0.015625 0.009375
0 0.5703125 0.453125 0.015625 0.00625
0 0.46640625 0.81328125 0.01875 0.021875
0 0.36796875 0.7359375 0.015625 0.009375
0 0.34609375 0.71171875 0.0125 0.0125
0 0.3109375 0.6828125 0.003125 0.009375