0 0.3296875 0.521875 0.140625 0.040625
0 0.425 0.334375 0.05 0.040625
0 0.46484375 0.18515625 0.015625 0.0265625
0 0.46796875 0.2171875 0.01875 0.021875
0 0.74765625 0.40390625 0.053125 0.053125
0 0.671875 0.5171875 0.078125 0.08125
0 0.65546875 0.57109375 0.021875 0.0125
0 0.6578125 0.3734375 0.021875 0.01875
0 0.80859375 0.08515625 0.053125 0.040625
0 0.79453125 0.16640625 0.053125 0.053125
0 0.73125 0.11171875 0.025 0.028125
0 0.73203125 0.08046875 0.01875 0.01875
0 0.7296875 0.04765625 0.01875 0.01875
0 0.73125 0.01484375 0.01875 0.01875
0 0.03203125 0.85234375 0.0640625 0.1765625