0 0.034375 0.9984375 0.021875 0.003125
0 0.00859375 0.9875 0.0171875 0.015625
0 0.00625 0.9625 0.0125 0.015625
0 0.065625 0.46953125 0.0265625 0.021875
0 0.08203125 0.50390625 0.021875 0.01875
0 0.1015625 0.54296875 0.021875 0.01875
0 0.121875 0.5796875 0.021875 0.015625
0 0.13984375 0.61640625 0.021875 0.01875
0 0.16484375 0.63203125 0.021875 0.015625
0 0.165625 0.6640625 0.021875 0.01875
0 0.18984375 0.71171875 0.021875 0.015625
0 0.21328125 0.73046875 0.01875 0.01875
0 0.21171875 0.7578125 0.0125 0.015625
0 0.23984375 0.775 0.0234375 0.021875
0 0.23828125 0.80234375 0.01875 0.015625
0 0.2640625 0.82109375 0.015625 0.0125
0 0.26484375 0.85 0.01875 0.01875
0 0.28359375 0.8921875 0.01875 0.021875
0 0.303125 0.9265625 0.01875 0.01875
0 0.38359375 0.5609375 0.021875 0.015625
0 0.41015625 0.60078125 0.021875 0.021875
0 0.43671875 0.63359375 0.01875 0.0125
0 0.46640625 0.66640625 0.021875 0.015625
0 0.4875 0.70078125 0.01875 0.015625