0 0.146875 0.7375 0.025 0.021875
0 0.11484375 0.759375 0.015625 0.01875
0 0.07421875 0.796875 0.021875 0.0265625
0 0.2046875 0.9890625 0.021875 0.021875
0 0.2328125 0.98359375 0.021875 0.025
0 0.2484375 0.95625 0.01875 0.01875
0 0.27421875 0.95234375 0.015625 0.025
0 0.2921875 0.925 0.01875 0.0265625
0 0.3203125 0.91953125 0.021875 0.028125
0 0.34140625 0.88828125 0.021875 0.025
0 0.38203125 0.86015625 0.021875 0.028125
0 0.4078125 0.85390625 0.01875 0.0265625
0 0.425 0.82890625 0.021875 0.028125
0 0.45390625 0.82578125 0.01875 0.028125
0 0.47265625 0.79765625 0.021875 0.028125
0 0.49921875 0.7953125 0.021875 0.021875
0 0.5171875 0.7671875 0.01875 0.0296875
0 0.54296875 0.765625 0.015625 0.0265625
0 0.5578125 0.7375 0.025 0.0296875
0 0.59765625 0.7140625 0.01875 0.0296875
0 0.634375 0.68046875 0.009375 0.0296875
0 0.42578125 0.54921875 0.0265625 0.03125
0 0.4640625 0.53046875 0.025 0.0296875
0 0.509375 0.50625 0.021875 0.028125
0 0.54453125 0.48984375 0.0265625 0.03125