0 0.3671875 0.57265625 0.021875 0.075
0 0.94609375 0.7015625 0.015625 0.021875
0 0.90859375 0.71796875 0.015625 0.01875
0 0.875 0.74453125 0.015625 0.01875
0 0.8375 0.76640625 0.015625 0.025
0 0.79921875 0.79296875 0.015625 0.025
0 0.75625 0.82265625 0.015625 0.025
0 0.7171875 0.846875 0.01875 0.021875
0 0.703125 0.8734375 0.015625 0.01875
0 0.675 0.8734375 0.015625 0.028125
0 0.65859375 0.903125 0.0125 0.01875
0 0.63046875 0.90703125 0.015625 0.0234375
0 0.61015625 0.93515625 0.0125 0.015625
0 0.58515625 0.9359375 0.0109375 0.01875
0 0.58671875 0.66171875 0.0140625 0.0265625
0 0.62421875 0.6421875 0.015625 0.0296875
0 0.665625 0.61796875 0.015625 0.025
0 0.70234375 0.5984375 0.015625 0.025