0 0.0203125 0.3671875 0.040625 0.1125
0 0.1359375 0.0609375 0.021875 0.0296875
0 0.14296875 0.10703125 0.015625 0.01875
0 0.22890625 0.1875 0.015625 0.015625
0 0.18828125 0.18828125 0.015625 0.015625
0 0.18359375 0.1515625 0.0125 0.015625
0 0.1515625 0.19453125 0.01875 0.03125
0 0.2390625 0.234375 0.0125 0.015625
0 0.26328125 0.27578125 0.015625 0.01875
0 0.28046875 0.33203125 0.015625 0.01875
0 0.35390625 0.13515625 0.015625 0.015625
0 0.38828125 0.15859375 0.025 0.025
0 0.3578125 0.44609375 0.01875 0.01875
0 0.23984375 0.49140625 0.0578125 0.0640625