0 0.64375 0.01328125 0.01875 0.0265625
0 0.6546875 0.04765625 0.025 0.01875
0 0.66796875 0.0828125 0.025 0.025
0 0.66796875 0.11875 0.025 0.0265625
0 0.67109375 0.1609375 0.021875 0.0265625
0 0.67421875 0.19140625 0.021875 0.021875
0 0.66328125 0.23515625 0.021875 0.0296875
0 0.65 0.26796875 0.025 0.0265625
0 0.646875 0.30546875 0.0296875 0.021875
0 0.6375 0.34453125 0.021875 0.025
0 0.61875 0.37578125 0.025 0.0078125
0 0.5578125 0.73828125 0.0375 0.0296875
0 0.6015625 0.678125 0.0265625 0.0359375
0 0.64765625 0.62109375 0.0296875 0.034375
0 0.69375 0.5625 0.0359375 0.0328125
0 0.74609375 0.50234375 0.034375 0.034375
0 0.7953125 0.4390625 0.021875 0.04375
0 0.834375 0.39375 0.040625 0.028125