0 0.5453125 0.7828125 0.009375 0.01875
0 0.53984375 0.7421875 0.0203125 0.015625
0 0.53515625 0.70078125 0.0296875 0.01875
0 0.5296875 0.6625 0.0375 0.01875
0 0.52421875 0.62265625 0.0328125 0.01875
0 0.515625 0.58671875 0.0296875 0.025
0 0.509375 0.55078125 0.0328125 0.025
0 0.49609375 0.50625 0.0328125 0.01875
0 0.471875 0.4671875 0.034375 0.01875
0 0.4578125 0.4359375 0.0265625 0.01875
0 0.18984375 0.98828125 0.0296875 0.021875
0 0.1875 0.9484375 0.034375 0.021875
0 0.18671875 0.90625 0.0328125 0.021875
0 0.18984375 0.86484375 0.0328125 0.021875
0 0.18828125 0.82421875 0.0328125 0.01875
0 0.18828125 0.7828125 0.0296875 0.01875
0 0.19140625 0.746875 0.0296875 0.01875
0 0.19453125 0.7015625 0.028125 0.01875
0 0.19921875 0.65234375 0.03125 0.021875
0 0.20703125 0.61796875 0.03125 0.021875
0 0.23125 0.58046875 0.0328125 0.015625
0 0.246875 0.5375 0.03125 0.01875
0 0.25 0.4984375 0.028125 0.01875
0 0.2265625 0.41640625 0.01875 0.015625
0 0.21953125 0.37734375 0.0359375 0.0171875