0 0.48359375 0.49375 0.0109375 0.009375
0 0.44375 0.49765625 0.0125 0.015625
0 0.4015625 0.4984375 0.01875 0.0125
0 0.35859375 0.50078125 0.015625 0.0125
0 0.3140625 0.49921875 0.0125 0.0125
0 0.27265625 0.4984375 0.0125 0.0125
0 0.2328125 0.49765625 0.0125 0.0125
0 0.18984375 0.49921875 0.0125 0.0125
0 0.14921875 0.503125 0.0125 0.0125
0 0.10703125 0.50078125 0.0125 0.01875
0 0.06484375 0.50078125 0.0125 0.015625
0 0.02265625 0.50859375 0.0125 0.015625
0 0.45703125 0.87109375 0.0125 0.0125
0 0.3546875 0.8453125 0.0125 0.009375
0 0.30546875 0.83125 0.0125 0.0125
0 0.2515625 0.81796875 0.015625 0.0125
0 0.184375 0.825 0.015625 0.0125
0 0.125 0.8265625 0.015625 0.015625
0 0.06484375 0.825 0.0125 0.0125
0 0.00546875 0.8265625 0.0109375 0.0125