0 0.059375 0.0109375 0.015625 0.021875
0 0.0953125 0.08671875 0.0125 0.0125
0 0.1328125 0.10703125 0.0125 0.025
0 0.16640625 0.13828125 0.0125 0.015625
0 0.22734375 0.16015625 0.0125 0.021875
0 0.25390625 0.16953125 0.0125 0.01875
0 0.29375 0.1828125 0.0125 0.01875
0 0.3328125 0.203125 0.0125 0.01875
0 0.36328125 0.2359375 0.009375 0.021875
0 0.39453125 0.26875 0.0125 0.01875
0 0.434375 0.284375 0.0125 0.021875
0 0.47421875 0.30390625 0.0125 0.01875
0 0.81796875 0.24140625 0.0125 0.015625
0 0.85078125 0.2359375 0.015625 0.015625
0 0.8890625 0.23984375 0.01875 0.01875
0 0.92109375 0.23828125 0.01875 0.01875