0 0.034375 0.125 0.06875 0.04375
0 0.0296875 0.55859375 0.059375 0.0359375
0 0.48203125 0.01796875 0.0453125 0.0359375
0 0.07421875 0.93828125 0.015625 0.0265625
0 0.07734375 0.9703125 0.01875 0.021875
0 0.0359375 0.6125 0.01875 0.015625
0 0.03515625 0.6421875 0.015625 0.021875
0 0.03671875 0.80078125 0.021875 0.025
0 0.0390625 0.76640625 0.021875 0.028125
0 0.41796875 0.83828125 0.053125 0.040625
0 0.40390625 0.91953125 0.053125 0.053125
0 0.4015625 0.7234375 0.071875 0.08125
0 0.340625 0.86484375 0.025 0.028125
0 0.34140625 0.83359375 0.01875 0.01875
0 0.3390625 0.80078125 0.01875 0.01875
0 0.340625 0.76796875 0.01875 0.01875
0 0.3875 0.6125 0.084375 0.046875
0 0.34453125 0.609375 0.01875 0.0125
0 0.71640625 0.7625 0.0890625 0.0265625