0 0.4796875 0.52265625 0.084375 0.078125
0 0.43671875 0.53359375 0.01875 0.0125
0 0.446875 0.39921875 0.0890625 0.103125
0 0.44921875 0.3078125 0.075 0.0375
0 0.67578125 0.10703125 0.015625 0.0125
0 0.68125 0.13984375 0.015625 0.015625
0 0.67734375 0.178125 0.01875 0.01875
0 0.67890625 0.21015625 0.01875 0.01875
0 0.9515625 0.00234375 0.01875 0.0046875
0 0.940625 0.02890625 0.0125 0.015625
0 0.92734375 0.0640625 0.01875 0.015625
0 0.95546875 0.103125 0.01875 0.015625
0 0.95703125 0.13671875 0.015625 0.015625
0 0.99140625 0.178125 0.0171875 0.0625
0 0.95703125 0.1734375 0.01875 0.009375
0 0.953125 0.20390625 0.0125 0.01875
0 0.953125 0.24296875 0.015625 0.0125
0 0.9546875 0.278125 0.015625 0.01875
0 0.9546875 0.31328125 0.015625 0.015625
0 0.95703125 0.34375 0.015625 0.021875
0 0.95703125 0.3859375 0.01875 0.0265625
0 0.95859375 0.41796875 0.01875 0.015625