0 0.75 0.29765625 0.059375 0.0640625
0 0.94765625 0.99140625 0.0328125 0.0171875
0 0.95234375 0.95078125 0.03125 0.015625
0 0.93515625 0.9140625 0.0328125 0.01875
0 0.9234375 0.8734375 0.0296875 0.015625
0 0.91328125 0.83203125 0.0296875 0.01875
0 0.9078125 0.79375 0.0375 0.01875
0 0.90234375 0.75390625 0.0328125 0.01875
0 0.89375 0.71796875 0.0296875 0.025
0 0.8875 0.68203125 0.0328125 0.025
0 0.87421875 0.6375 0.0328125 0.01875
0 0.85 0.5984375 0.034375 0.01875
0 0.8359375 0.5671875 0.0265625 0.01875
0 0.56796875 0.9921875 0.0328125 0.015625
0 0.56640625 0.95546875 0.0328125 0.01875
0 0.56640625 0.9140625 0.0296875 0.01875
0 0.56953125 0.878125 0.0296875 0.01875
0 0.57265625 0.8328125 0.028125 0.01875
0 0.57734375 0.78359375 0.03125 0.021875
0 0.58515625 0.74921875 0.03125 0.021875
0 0.609375 0.71171875 0.0328125 0.015625
0 0.625 0.66875 0.03125 0.01875
0 0.628125 0.6296875 0.028125 0.01875
0 0.6046875 0.54765625 0.01875 0.015625
0 0.59765625 0.50625 0.0359375 0.021875
0 0.58515625 0.46875 0.034375 0.01875
0 0.57421875 0.42578125 0.034375 0.015625
0 0.56015625 0.38515625 0.0328125 0.021875
0 0.55078125 0.34609375 0.03125 0.01875