0 0.0484375 0.49140625 0.0328125 0.075
0 0.4265625 0.81640625 0.025 0.0921875
0 0.99296875 0.59375 0.0140625 0.03125
0 0.8796875 0.81015625 0.015625 0.0265625
0 0.85234375 0.77578125 0.015625 0.0265625
0 0.82890625 0.740625 0.0125 0.025
0 0.77734375 0.653125 0.015625 0.021875
0 0.80546875 0.69296875 0.0125 0.025
0 0.75234375 0.615625 0.015625 0.01875
0 0.728125 0.5890625 0.0125 0.021875
0 0.703125 0.5625 0.0125 0.00625
0 0.5171875 0.64765625 0.015625 0.015625
0 0.5359375 0.68125 0.015625 0.021875
0 0.6328125 0.83984375 0.015625 0.0265625
0 0.65390625 0.878125 0.015625 0.0265625
0 0.609375 0.8015625 0.015625 0.025