0 0.675 0.38125 0.015625 0.015625
0 0.7078125 0.38125 0.01875 0.015625
0 0.75546875 0.36015625 0.015625 0.021875
0 0.77421875 0.33671875 0.01875 0.01875
0 0.8015625 0.33828125 0.015625 0.0125
0 0.81875 0.31015625 0.021875 0.021875
0 0.84609375 0.31171875 0.015625 0.01875
0 0.86484375 0.2859375 0.0125 0.015625
0 0.89375 0.28515625 0.01875 0.01875
0 0.9359375 0.26640625 0.021875 0.01875
0 0.9703125 0.246875 0.01875 0.01875
0 0.6046875 0.16640625 0.015625 0.021875
0 0.64453125 0.13984375 0.021875 0.021875
0 0.67734375 0.11328125 0.0125 0.01875
0 0.71015625 0.08359375 0.015625 0.021875
0 0.74453125 0.0625 0.015625 0.01875
0 0.78046875 0.03125 0.015625 0.015625
0 0.8140625 0.009375 0.0125 0.01875
0 0.640625 0.39375 0.021875 0.009375
0 0.6015625 0.39765625 0.01875 0.0171875
0 0.56015625 0.42265625 0.0265625 0.03125
0 0.51796875 0.4453125 0.021875 0.01875
0 0.478125 0.4703125 0.01875 0.021875