0 0.621875 0.1921875 0.0265625 0.103125
0 0.603125 0.64921875 0.0125 0.01875
0 0.571875 0.61171875 0.009375 0.01875
0 0.54140625 0.57109375 0.0125 0.021875
0 0.378125 0.70703125 0.015625 0.0265625
0 0.35078125 0.67265625 0.015625 0.0265625
0 0.32734375 0.6375 0.0125 0.025
0 0.275 0.55546875 0.015625 0.0109375
0 0.30390625 0.58984375 0.0125 0.025
0 0.034375 0.578125 0.015625 0.021875
0 0.13125 0.73671875 0.015625 0.0265625
0 0.15234375 0.775 0.015625 0.0265625
0 0.1078125 0.6984375 0.015625 0.025
0 0.0390625 0.98203125 0.015625 0.021875
0 0.2515625 0.98828125 0.025 0.0234375
0 0.290625 0.996875 0.015625 0.00625
0 0.546875 0.98984375 0.01875 0.01875