0 0.55 0.20546875 0.01875 0.015625
0 0.50078125 0.23203125 0.01875 0.01875
0 0.45 0.25546875 0.01875 0.015625
0 0.39921875 0.27890625 0.015625 0.01875
0 0.296875 0.33046875 0.015625 0.015625
0 0.3484375 0.30625 0.021875 0.01875
0 0.24921875 0.35703125 0.021875 0.015625
0 0.2 0.3796875 0.01875 0.01875
0 0.04609375 0.175 0.015625 0.0125
0 0.0984375 0.14921875 0.01875 0.015625
0 0.15 0.121875 0.01875 0.015625
0 0.2015625 0.10078125 0.0125 0.0125
0 0.2515625 0.07265625 0.01875 0.015625
0 0.30234375 0.05 0.01875 0.0125
0 0.35078125 0.02421875 0.015625 0.015625
0 0.4015625 0.00234375 0.01875 0.0046875