0 0.053125 0.125 0.0296875 0.0265625
0 0.24921875 0.05 0.1609375 0.084375
0 0.42109375 0.14609375 0.03125 0.021875
0 0.38203125 0.171875 0.0328125 0.021875
0 0.35078125 0.19609375 0.04375 0.01875
0 0.31796875 0.22265625 0.0328125 0.021875
0 0.2890625 0.246875 0.03125 0.015625
0 0.2546875 0.26796875 0.034375 0.015625
0 0.2234375 0.29296875 0.040625 0.021875
0 0.1875 0.3171875 0.03125 0.01875
0 0.3 0.334375 0.05 0.0375
0 0.36328125 0.45703125 0.03125 0.01875
0 0.23984375 0.3875 0.053125 0.028125
0 0.18125 0.43828125 0.05625 0.03125
0 0.11015625 0.42421875 0.021875 0.0265625
0 0.13203125 0.3859375 0.01875 0.021875
0 0.16328125 0.35234375 0.0296875 0.025
0 0.27890625 0.5015625 0.0296875 0.021875
0 0.22578125 0.515625 0.0328125 0.00625
0 0.88125 0.1078125 0.0265625 0.021875
0 0.92578125 0.090625 0.0296875 0.021875
0 0.975 0.4125 0.021875 0.025
0 0.97265625 0.50859375 0.0265625 0.0203125
0 0.5015625 0.0125 0.025 0.025
0 0.26953125 0.8140625 0.146875 0.2140625