0 0.415625 0.0046875 0.0375 0.009375
0 0.4203125 0.03203125 0.0296875 0.028125
0 0.42890625 0.071875 0.0328125 0.0296875
0 0.47265625 0.3984375 0.0375 0.03125
0 0.47109375 0.35390625 0.034375 0.028125
0 0.45859375 0.325 0.0296875 0.0296875
0 0.44921875 0.21953125 0.0375 0.028125
0 0.440625 0.178125 0.0296875 0.03125
0 0.43671875 0.14375 0.0296875 0.028125
0 0.43828125 0.11015625 0.0265625 0.0265625
0 0.6625 0.10703125 0.0296875 0.021875
0 0.65546875 0.071875 0.021875 0.021875
0 0.6546875 0.03046875 0.025 0.0265625
0 0.6484375 0.00390625 0.025 0.0078125
0 0.6859375 0.1703125 0.028125 0.021875
0 0.7 0.2078125 0.01875 0.028125
0 0.7109375 0.24296875 0.025 0.01875
0 0.72421875 0.278125 0.025 0.025
0 0.72421875 0.3140625 0.025 0.0265625
0 0.72734375 0.35625 0.021875 0.0265625
0 0.73046875 0.38671875 0.021875 0.021875
0 0.71953125 0.43046875 0.021875 0.0296875
0 0.70625 0.46328125 0.025 0.0265625
0 0.703125 0.50078125 0.0296875 0.021875
0 0.69375 0.53828125 0.021875 0.0234375
0 0.30078125 0.971875 0.08125 0.05
0 0.81640625 0.8671875 0.096875 0.2375