0 0.88359375 0.2859375 0.0296875 0.021875
0 0.95 0.0640625 0.046875 0.0296875
0 0.98359375 0.0171875 0.0328125 0.025
0 0.72578125 0.33125 0.0296875 0.025
0 0.665625 0.33515625 0.034375 0.0265625
0 0.5890625 0.378125 0.0296875 0.0265625
0 0.4015625 0.453125 0.14375 0.084375
0 0.33515625 0.2796875 0.0109375 0.021875
0 0.353125 0.25625 0.03125 0.015625
0 0.3875 0.23515625 0.034375 0.015625
0 0.41875 0.21015625 0.040625 0.021875
0 0.4546875 0.1859375 0.03125 0.01875
0 0.3484375 0.16875 0.0375 0.0375
0 0.40234375 0.115625 0.053125 0.028125
0 0.4609375 0.06484375 0.05625 0.03125
0 0.53203125 0.07890625 0.021875 0.0265625
0 0.51015625 0.1171875 0.01875 0.021875
0 0.47890625 0.15078125 0.0296875 0.025
0 0.7484375 0.53046875 0.01875 0.01875
0 0.36328125 0.00625 0.0296875 0.0125
0 0.534375 0.59140625 0.08125 0.0828125
0 0.48125 0.8359375 0.075 0.084375