0 0.71640625 0.421875 0.0265625 0.00625
0 0.95390625 0.44765625 0.021875 0.0125
0 0.92734375 0.48984375 0.0296875 0.015625
0 0.84765625 0.525 0.0125 0.0125
0 0.82734375 0.5625 0.025 0.0125
0 0.79609375 0.59609375 0.015625 0.0125
0 0.77421875 0.65703125 0.021875 0.0125
0 0.76484375 0.68359375 0.01875 0.0125
0 0.7515625 0.7234375 0.01875 0.0125
0 0.73125 0.7625 0.01875 0.0125
0 0.6984375 0.79296875 0.021875 0.009375
0 0.665625 0.82421875 0.01875 0.0125
0 0.65 0.8640625 0.021875 0.0125
0 0.63046875 0.90390625 0.01875 0.0125