0 0.45625 0.371875 0.028125 0.021875
0 0.4078125 0.39765625 0.0265625 0.01875
0 0.359375 0.42421875 0.025 0.01875
0 0.26484375 0.4328125 0.021875 0.01875
0 0.14140625 0.24921875 0.0265625 0.01875
0 0.1890625 0.22421875 0.01875 0.01875
0 0.24375 0.2 0.015625 0.01875
0 0.29453125 0.17265625 0.015625 0.01875
0 0.34140625 0.14921875 0.021875 0.01875
0 0.39140625 0.12265625 0.015625 0.01875
0 0.4453125 0.09453125 0.0265625 0.021875
0 0.49609375 0.06796875 0.021875 0.021875
0 0.5375 0.0453125 0.003125 0.015625
0 0.1703125 0.00390625 0.021875 0.0078125