0 0.0078125 0.49453125 0.015625 0.0109375
0 0.0546875 0.49609375 0.01875 0.0078125
0 0.1015625 0.49296875 0.021875 0.0140625
0 0.1453125 0.49140625 0.021875 0.0171875
0 0.18828125 0.48359375 0.021875 0.01875
0 0.234375 0.48359375 0.0265625 0.021875
0 0.284375 0.47421875 0.021875 0.01875
0 0.371875 0.45078125 0.015625 0.01875
0 0.41484375 0.44140625 0.01875 0.021875
0 0.46015625 0.42109375 0.021875 0.01875
0 0.5 0.4140625 0.01875 0.01875
0 0.54140625 0.38828125 0.0265625 0.03125
0 0.57578125 0.365625 0.0078125 0.01875