0 0.20625 0.59765625 0.14375 0.0234375
0 0.26875 0.40625 0.034375 0.01875
0 0.303125 0.38125 0.040625 0.0125
0 0.33828125 0.35703125 0.040625 0.0125
0 0.36328125 0.33125 0.0109375 0.015625
0 0.3625 0.2203125 0.0125 0.021875
0 0.32890625 0.09765625 0.01875 0.01875
0 0.10546875 0.24765625 0.0265625 0.015625
0 0.00546875 0.05625 0.0109375 0.009375
0 0.04921875 0.03671875 0.0125 0.015625
0 0.0734375 0.0109375 0.01875 0.01875
0 0.01171875 0.57109375 0.01875 0.01875
0 0.3578125 0.9828125 0.021875 0.034375