0 0.2765625 0.54296875 0.0125 0.0140625
0 0.27890625 0.50078125 0.0125 0.0125
0 0.28203125 0.45859375 0.015625 0.015625
0 0.28125 0.4171875 0.01875 0.01875
0 0.2765625 0.37421875 0.015625 0.01875
0 0.28515625 0.334375 0.015625 0.01875
0 0.27734375 0.2921875 0.015625 0.021875
0 0.27109375 0.25 0.015625 0.015625
0 0.27265625 0.209375 0.0125 0.015625
0 0.2734375 0.165625 0.0125 0.015625
0 0.27265625 0.12421875 0.0125 0.015625
0 0.27890625 0.08203125 0.0125 0.015625
0 0.2765625 0.0421875 0.0125 0.015625
0 0.271875 0.00234375 0.0125 0.0046875
0 0.6328125 0.6234375 0.096875 0.078125
0 0.528125 0.959375 0.1 0.08125