0 0.56328125 0.2765625 0.015625 0.021875
0 0.60078125 0.26015625 0.015625 0.01875
0 0.634375 0.23359375 0.015625 0.01875
0 0.671875 0.21171875 0.015625 0.025
0 0.71015625 0.18515625 0.015625 0.025
0 0.753125 0.15546875 0.015625 0.025
0 0.7921875 0.13125 0.01875 0.021875
0 0.80625 0.1046875 0.015625 0.01875
0 0.834375 0.1046875 0.015625 0.028125
0 0.85078125 0.075 0.0125 0.01875
0 0.87890625 0.07109375 0.015625 0.021875
0 0.89921875 0.04296875 0.0125 0.015625
0 0.92578125 0.0421875 0.015625 0.01875
0 0.94375 0.0125 0.01875 0.021875
0 0.9703125 0.00859375 0.0125 0.0171875
0 0.92265625 0.31640625 0.015625 0.0265625
0 0.88515625 0.3359375 0.015625 0.0296875
0 0.84375 0.36015625 0.015625 0.025
0 0.80703125 0.3796875 0.015625 0.025