0 0.5359375 0.915625 0.053125 0.153125
0 0.6171875 0.734375 0.01875 0.034375
0 0.6421875 0.76875 0.0125 0.040625
0 0.66640625 0.80390625 0.0125 0.040625
0 0.69140625 0.8421875 0.015625 0.0359375
0 0.71484375 0.871875 0.015625 0.0296875
0 0.73671875 0.90078125 0.015625 0.03125
0 0.76015625 0.93671875 0.0125 0.025
0 0.7859375 0.96875 0.01875 0.021875
0 0.8234375 0.99296875 0.015625 0.0140625
0 0.909375 0.97421875 0.034375 0.040625
0 0.85859375 0.90703125 0.021875 0.04375
0 0.80234375 0.8453125 0.021875 0.046875
0 0.92578125 0.79453125 0.01875 0.01875
0 0.97109375 0.88125 0.015625 0.028125
0 0.99140625 0.928125 0.0171875 0.028125
0 0.77578125 0.57109375 0.015625 0.0265625
0 0.965625 0.47265625 0.009375 0.0078125
0 0.98671875 0.51484375 0.015625 0.0125