0 0.471875 0.653125 0.015625 0.01875
0 0.53515625 0.43046875 0.025 0.025
0 0.54765625 0.47578125 0.0296875 0.01875
0 0.565625 0.525 0.0265625 0.01875
0 0.578125 0.565625 0.028125 0.01875
0 0.59453125 0.6125 0.03125 0.01875
0 0.60703125 0.65078125 0.0328125 0.01875
0 0.61875 0.68984375 0.0328125 0.01875
0 0.62890625 0.73125 0.028125 0.01875
0 0.83828125 0.57890625 0.0375 0.025
0 0.846875 0.61796875 0.0328125 0.025
0 0.84296875 0.66328125 0.03125 0.015625
0 0.86015625 0.7 0.0328125 0.01875
0 0.871875 0.740625 0.0296875 0.015625
0 0.88203125 0.78203125 0.0296875 0.01875
0 0.8875 0.8203125 0.0375 0.01875
0 0.89296875 0.86015625 0.0328125 0.01875
0 0.9015625 0.89609375 0.0296875 0.025
0 0.9078125 0.93203125 0.0328125 0.025
0 0.92109375 0.9765625 0.0328125 0.01875