0 0.2796875 0.9609375 0.015625 0.0265625
0 0.31796875 0.95859375 0.01875 0.028125
0 0.34765625 0.95859375 0.015625 0.028125
0 0.38359375 0.9625 0.01875 0.021875
0 0.35625 0.63828125 0.08125 0.0390625
0 0.2109375 0.63046875 0.08125 0.0234375
0 0.134375 0.68671875 0.01875 0.025
0 0.1671875 0.68359375 0.01875 0.021875
0 0.2375 0.7125 0.021875 0.01875
0 0.27265625 0.68125 0.021875 0.01875
0 0.3140625 0.68359375 0.025 0.01875
0 0.3453125 0.68125 0.021875 0.01875
0 0.38046875 0.68359375 0.028125 0.01875
0 0.41484375 0.68359375 0.021875 0.025
0 0.48359375 0.68125 0.01875 0.01875
0 0.4484375 0.68125 0.01875 0.015625
0 0.59921875 0.90703125 0.0125 0.015625
0 0.63203125 0.9015625 0.015625 0.015625
0 0.6703125 0.90546875 0.01875 0.01875
0 0.70234375 0.90390625 0.01875 0.01875
0 0.52109375 0.6421875 0.015625 0.0125
0 0.55625 0.65546875 0.015625 0.01875
0 0.5953125 0.62734375 0.015625 0.0171875
0 0.628125 0.62578125 0.015625 0.0140625
0 0.665625 0.6265625 0.009375 0.015625
0 0.69609375 0.6296875 0.01875 0.0125
0 0.73515625 0.6296875 0.0125 0.015625
0 0.7703125 0.628125 0.01875 0.015625
0 0.80546875 0.628125 0.015625 0.015625
0 0.8359375 0.62578125 0.021875 0.0140625
0 0.87734375 0.6265625 0.0265625 0.015625
0 0.909375 0.62578125 0.015625 0.0140625