0 0.60625 0.4390625 0.0265625 0.021875
0 0.5984375 0.409375 0.034375 0.021875
0 0.6421875 0.575 0.01875 0.009375
0 0.79375 0.40859375 0.084375 0.109375
0 0.79296875 0.2359375 0.084375 0.103125
0 0.91875 0.0078125 0.0625 0.015625
0 0.86796875 0.9515625 0.0953125 0.096875
0 0.8921875 0.82109375 0.021875 0.01875
0 0.8375 0.83203125 0.078125 0.075
0 0.82265625 0.7078125 0.075 0.08125
0 0.88828125 0.659375 0.01875 0.015625
0 0.8859375 0.6953125 0.021875 0.015625
0 0.809375 0.59921875 0.053125 0.0390625