0 0.9515625 0.08046875 0.08125 0.075
0 0.903125 0.01484375 0.015625 0.01875
0 0.9390625 0.0171875 0.015625 0.021875
0 0.840625 0.09375 0.04375 0.053125
0 0.51484375 0.034375 0.05 0.053125
0 0.9640625 0.45859375 0.01875 0.015625
0 0.915625 0.503125 0.0125 0.01875
0 0.80078125 0.63203125 0.0125 0.015625
0 0.7484375 0.690625 0.0125 0.01875
0 0.53359375 0.92734375 0.0125 0.015625
0 0.5828125 0.87265625 0.009375 0.015625
0 0.603125 0.3921875 0.009375 0.01875
0 0.6515625 0.33671875 0.0125 0.015625
0 0.69375 0.2921875 0.0125 0.00625