0 0.8984375 0.47734375 0.028125 0.0171875
0 0.890625 0.50625 0.0359375 0.015625
0 0.87890625 0.52890625 0.0265625 0.01875
0 0.8765625 0.5625 0.0609375 0.025
0 0.84453125 0.64453125 0.0296875 0.015625
0 0.86171875 0.5875 0.03125 0.021875
0 0.85 0.61875 0.0640625 0.03125
0 0.83828125 0.66875 0.053125 0.021875
0 0.83359375 0.69609375 0.03125 0.021875
0 0.82265625 0.7171875 0.059375 0.028125
0 0.76171875 0.78359375 0.04375 0.025
0 0.784375 0.75546875 0.03125 0.03125
0 0.74296875 0.80703125 0.05 0.0328125
0 0.97109375 0.9875 0.0328125 0.025
0 0.91953125 0.9953125 0.0265625 0.009375
0 0.8921875 0.99296875 0.025 0.0140625
0 0.85625 0.98984375 0.028125 0.0203125