0 0.5203125 0.396875 0.015625 0.01875
0 0.49921875 0.3453125 0.0125 0.0125
0 0.47109375 0.2953125 0.015625 0.01875
0 0.4484375 0.24453125 0.0125 0.01875
0 0.42265625 0.19609375 0.015625 0.015625
0 0.39609375 0.1453125 0.015625 0.01875
0 0.24140625 0.59453125 0.015625 0.01875
0 0.22578125 0.5375 0.015625 0.015625
0 0.05625 0.6265625 0.0125 0.00625
0 0.03984375 0.578125 0.0125 0.0125
0 0.0265625 0.5265625 0.015625 0.0125
0 0.009375 0.4703125 0.0140625 0.0125
0 0.753125 0.0109375 0.040625 0.021875
0 0.5 0.97890625 0.0328125 0.0203125
0 0.48984375 0.9375 0.028125 0.01875
0 0.275 0.9984375 0.03125 0.003125
0 0.25859375 0.96875 0.0328125 0.01875
0 0.246875 0.928125 0.0296875 0.015625
0 0.23671875 0.88671875 0.0296875 0.01875
0 0.23125 0.8484375 0.0375 0.01875
0 0.22578125 0.80859375 0.0328125 0.01875
0 0.2171875 0.77265625 0.0296875 0.025
0 0.2109375 0.73671875 0.0328125 0.025
0 0.19765625 0.6921875 0.0328125 0.01875
0 0.1734375 0.653125 0.034375 0.01875