0 0.6234375 0.690625 0.009375 0.03125
0 0.6390625 0.70234375 0.028125 0.059375
0 0.70546875 0.76328125 0.025 0.04375
0 0.67734375 0.740625 0.03125 0.03125
0 0.72890625 0.78203125 0.0328125 0.05
0 0.91171875 0.56015625 0.0296875 0.0203125
0 0.92890625 0.6046875 0.03125 0.0265625
0 0.92421875 0.63203125 0.03125 0.025
0 0.91484375 0.66796875 0.0265625 0.028125
0 0.94296875 0.74921875 0.0296875 0.03125
0 0.9890625 0.8 0.021875 0.04375
0 0.9671875 0.7890625 0.015625 0.0296875
0 0.959375 0.7703125 0.015625 0.03125