0 0.26484375 0.0109375 0.015625 0.01875
0 0.29140625 0.06015625 0.01875 0.01875
0 0.31484375 0.1109375 0.015625 0.01875
0 0.33828125 0.16171875 0.01875 0.015625
0 0.38984375 0.2640625 0.015625 0.015625
0 0.365625 0.2125 0.01875 0.021875
0 0.41328125 0.3109375 0.0109375 0.021875
0 0.26953125 0.6234375 0.01875 0.015625
0 0.26015625 0.56796875 0.0125 0.0125
0 0.234375 0.51484375 0.0125 0.015625
0 0.20859375 0.4625 0.015625 0.01875
0 0.18125 0.4109375 0.015625 0.01875
0 0.16015625 0.359375 0.0125 0.0125
0 0.13203125 0.309375 0.015625 0.01875
0 0.109375 0.25859375 0.0125 0.01875
0 0.08359375 0.21015625 0.015625 0.015625
0 0.05703125 0.159375 0.015625 0.01875