0 0.440625 0.00390625 0.03125 0.0078125
0 0.01015625 0.1515625 0.0203125 0.01875
0 0.03984375 0.11953125 0.034375 0.015625
0 0.1296875 0.0734375 0.04375 0.01875
0 0.153125 0.05546875 0.0296875 0.01875
0 0.2875 0.06640625 0.0359375 0.01875
0 0.3375 0.04453125 0.034375 0.015625
0 0.40234375 0.02578125 0.0375 0.01875
0 0.56015625 0.6578125 0.0171875 0.028125
0 0.4828125 0.74140625 0.040625 0.021875
0 0.184375 0.8609375 0.034375 0.01875
0 0.05625 0.928125 0.040625 0.015625
0 0.58125 0.55 0.025 0.028125
0 0.996875 0.7640625 0.00625 0.034375
0 0.959375 0.8171875 0.04375 0.034375
0 0.91796875 0.87578125 0.0375 0.0375
0 0.8484375 0.95703125 0.046875 0.021875