0 0.05078125 0.51796875 0.015625 0.025
0 0.06484375 0.55625 0.025 0.01875
0 0.1234375 0.61953125 0.01875 0.0265625
0 0.08359375 0.59140625 0.0265625 0.0265625
0 0.15390625 0.6515625 0.021875 0.028125
0 0.18671875 0.68046875 0.021875 0.0265625
0 0.2203125 0.71328125 0.0296875 0.021875
0 0.26015625 0.73828125 0.021875 0.025
0 0.290625 0.76953125 0.021875 0.025
0 0.30078125 0.809375 0.021875 0.025
0 0.31171875 0.84765625 0.025 0.021875
0 0.32578125 0.884375 0.0265625 0.021875
0 0.33515625 0.9234375 0.028125 0.0265625
0 0.3453125 0.9671875 0.021875 0.025
0 0.3578125 0.996875 0.021875 0.00625
0 0.784375 0.809375 0.1125 0.1125