0 0.4671875 0.53203125 0.015625 0.0953125
0 0.0546875 0.02578125 0.021875 0.0515625
0 0.6375 0.16796875 0.015625 0.015625
0 0.5859375 0.1921875 0.021875 0.01875
0 0.68515625 0.14140625 0.021875 0.015625
0 0.734375 0.11875 0.01875 0.01875
0 0.9515625 0.01640625 0.015625 0.015625
0 0.99453125 0.2875 0.0109375 0.01875
0 0.94140625 0.29765625 0.0125 0.0125
0 0.88828125 0.3234375 0.015625 0.0125
0 0.8359375 0.34921875 0.01875 0.015625
0 0.784375 0.3765625 0.01875 0.015625
0 0.7328125 0.39765625 0.0125 0.0125
0 0.6828125 0.42578125 0.01875 0.015625
0 0.63203125 0.4484375 0.01875 0.0125
0 0.58359375 0.47421875 0.015625 0.015625
0 0.99453125 0.7484375 0.0109375 0.028125
0 0.965625 0.70859375 0.0125 0.01875
0 0.915625 0.70234375 0.015625 0.021875
0 0.87890625 0.67421875 0.0125 0.0265625
0 0.9953125 0.9921875 0.009375 0.015625
0 0.9578125 0.97421875 0.0125 0.01875
0 0.85078125 0.91171875 0.0125 0.021875
0 0.88984375 0.92265625 0.009375 0.021875
0 0.92109375 0.94609375 0.009375 0.01875
0 0.80859375 0.88515625 0.015625 0.0296875
0 0.7734375 0.80546875 0.0125 0.0125
0 0.7359375 0.78515625 0.0125 0.025
0 0.70234375 0.75390625 0.0125 0.015625
0 0.64140625 0.73203125 0.0125 0.021875
0 0.61484375 0.72265625 0.0125 0.01875
0 0.575 0.709375 0.0125 0.01875