0 0.3875 0.084375 0.015625 0.0359375
0 0.41015625 0.09609375 0.01875 0.0265625
0 0.44375 0.0984375 0.025 0.0609375
0 0.52578125 0.13046875 0.015625 0.0296875
0 0.46875 0.11328125 0.021875 0.03125
0 0.5 0.125 0.03125 0.0640625
0 0.55 0.13671875 0.021875 0.053125
0 0.57734375 0.14140625 0.021875 0.03125
0 0.5984375 0.15234375 0.028125 0.059375
0 0.66484375 0.21328125 0.025 0.04375
0 0.63671875 0.190625 0.03125 0.03125
0 0.68828125 0.23203125 0.0328125 0.05
0 0.99453125 0.315625 0.0109375 0.053125
0 0.87109375 0.01015625 0.0296875 0.0203125
0 0.88828125 0.0546875 0.03125 0.0265625
0 0.88359375 0.08203125 0.03125 0.025
0 0.87421875 0.11796875 0.0265625 0.028125
0 0.90234375 0.19921875 0.0296875 0.03125
0 0.97734375 0.278125 0.01875 0.034375
0 0.95234375 0.25 0.028125 0.04375
0 0.9265625 0.2390625 0.015625 0.0296875
0 0.91875 0.2203125 0.015625 0.03125