0 0.021875 0.0140625 0.01875 0.021875
0 0.0234375 0.0578125 0.021875 0.021875
0 0.03359375 0.10078125 0.01875 0.021875
0 0.03359375 0.146875 0.021875 0.0265625
0 0.04296875 0.196875 0.01875 0.021875
0 0.06640625 0.284375 0.01875 0.015625
0 0.07578125 0.32734375 0.021875 0.01875
0 0.09609375 0.37265625 0.01875 0.021875
0 0.103125 0.4125 0.01875 0.01875
0 0.12890625 0.45390625 0.03125 0.0265625
0 0.1515625 0.49609375 0.01875 0.021875
0 0.1765625 0.53671875 0.021875 0.021875
0 0.52421875 0.0078125 0.0296875 0.015625
0 0.878125 0.97890625 0.0125 0.0125
0 0.87890625 0.9390625 0.0125 0.0125
0 0.87734375 0.89609375 0.0125 0.0125
0 0.8734375 0.85546875 0.0125 0.0125
0 0.87578125 0.81328125 0.01875 0.0125
0 0.87578125 0.77109375 0.015625 0.0125
0 0.86796875 0.72890625 0.015625 0.0125
0 0.86796875 0.68828125 0.015625 0.015625
0 0.871875 0.64765625 0.015625 0.01875
0 0.8734375 0.60234375 0.0125 0.0125
0 0.8734375 0.5625 0.015625 0.00625
0 0.55859375 0.9578125 0.0125 0.015625
0 0.5515625 0.890625 0.0125 0.015625
0 0.55 0.83125 0.015625 0.015625
0 0.5515625 0.77109375 0.0125 0.0125
0 0.54921875 0.7109375 0.0125 0.0125
0 0.54921875 0.65078125 0.0125 0.015625
0 0.54921875 0.58671875 0.0125 0.015625