0 0.02265625 0.9125 0.0453125 0.08125
0 0.99375 0.61484375 0.0125 0.0328125
0 0.9640625 0.61640625 0.034375 0.040625
0 0.921875 0.6328125 0.034375 0.05
0 0.8875 0.63125 0.0296875 0.0328125
0 0.8515625 0.63984375 0.0359375 0.04375
0 0.815625 0.6484375 0.0328125 0.0375
0 0.64140625 0.7171875 0.0296875 0.025
0 0.68046875 0.6953125 0.0296875 0.0296875
0 0.71015625 0.69375 0.0328125 0.0265625
0 0.77109375 0.68359375 0.0359375 0.040625
0 0.82734375 0.85 0.0296875 0.0265625
0 0.8640625 0.85 0.025 0.0265625
0 0.90078125 0.840625 0.0265625 0.028125
0 0.934375 0.83359375 0.028125 0.0296875
0 0.97109375 0.8265625 0.028125 0.0328125
0 0.996875 0.815625 0.00625 0.03125