0 0.18828125 0.9890625 0.0328125 0.021875
0 0.2171875 0.965625 0.03125 0.015625
0 0.2515625 0.94453125 0.034375 0.015625
0 0.2828125 0.91953125 0.040625 0.021875
0 0.31875 0.8953125 0.03125 0.01875
0 0.20625 0.878125 0.05 0.0375
0 0.14296875 0.75546875 0.03125 0.01875
0 0.26640625 0.825 0.053125 0.028125
0 0.325 0.77421875 0.05625 0.03125
0 0.39609375 0.78828125 0.021875 0.0265625
0 0.37421875 0.8265625 0.01875 0.021875
0 0.34296875 0.86015625 0.0296875 0.025
0 0.22734375 0.7109375 0.0296875 0.021875
0 0.28046875 0.6859375 0.0328125 0.0265625
0 0.546875 0.696875 0.0296875 0.028125
0 0.803125 0.93671875 0.196875 0.1265625