0 0.58359375 0.28046875 0.109375 0.08125
0 0.2640625 0.7890625 0.1125 0.1125
0 0.99375 0.69765625 0.0125 0.01875
0 0.94375 0.69140625 0.015625 0.021875
0 0.90703125 0.66328125 0.0125 0.0265625
0 0.9859375 0.96328125 0.0125 0.01875
0 0.87890625 0.90078125 0.0125 0.021875
0 0.91796875 0.91171875 0.009375 0.021875
0 0.94921875 0.93515625 0.009375 0.01875
0 0.83671875 0.87421875 0.015625 0.0296875
0 0.8015625 0.79453125 0.0125 0.0125
0 0.7640625 0.77421875 0.0125 0.025
0 0.73046875 0.74296875 0.0125 0.015625
0 0.66953125 0.72109375 0.0125 0.021875
0 0.64296875 0.71171875 0.0125 0.01875
0 0.603125 0.6984375 0.0125 0.01875
0 0.5640625 0.678125 0.0125 0.01875
0 0.53359375 0.6453125 0.009375 0.021875
0 0.50234375 0.6125 0.0125 0.01875
0 0.4625 0.596875 0.0125 0.021875
0 0.4234375 0.5765625 0.009375 0.01875