0 0.44609375 0.5875 0.05 0.1125
0 0.31953125 0.82890625 0.040625 0.11875
0 0.178125 0.984375 0.03125 0.03125
0 0.9875 0.8625 0.025 0.01875
0 0.953125 0.8609375 0.015625 0.0125
0 0.91953125 0.87265625 0.021875 0.0125
0 0.8828125 0.87109375 0.025 0.0125
0 0.8484375 0.8734375 0.015625 0.01875
0 0.8109375 0.878125 0.021875 0.03125
0 0.77578125 0.8734375 0.021875 0.01875
0 0.7390625 0.871875 0.01875 0.0125
0 0.70703125 0.8703125 0.01875 0.015625
0 0.63828125 0.87421875 0.015625 0.015625
0 0.67265625 0.8765625 0.015625 0.015625
0 0.82890625 0.67421875 0.08125 0.0875
0 0.96640625 0.684375 0.0671875 0.075
0 0.9484375 0.5765625 0.021875 0.01875
0 0.91328125 0.6078125 0.021875 0.01875
0 0.871875 0.60546875 0.025 0.01875
0 0.840625 0.6078125 0.021875 0.01875
0 0.80546875 0.60546875 0.028125 0.01875
0 0.77109375 0.60546875 0.021875 0.025
0 0.63671875 0.609375 0.0140625 0.01875
0 0.66640625 0.60859375 0.021875 0.01875
0 0.70234375 0.6078125 0.01875 0.01875
0 0.7375 0.6078125 0.01875 0.015625