0 0.48046875 0.909375 0.015625 0.009375
0 0.5234375 0.909375 0.015625 0.0125
0 0.56484375 0.9109375 0.015625 0.0125
0 0.60625 0.909375 0.0125 0.0125
0 0.6484375 0.91015625 0.015625 0.015625
0 0.6921875 0.9109375 0.01875 0.0125
0 0.7328125 0.91328125 0.0125 0.009375
0 0.7734375 0.91015625 0.0125 0.015625
0 0.815625 0.909375 0.01875 0.0125
0 0.85859375 0.90703125 0.015625 0.0125
0 0.903125 0.90859375 0.0125 0.0125
0 0.94453125 0.909375 0.0125 0.0125
0 0.984375 0.91015625 0.0125 0.0125
0 0.965625 0.5921875 0.015625 0.00625