0 0.23671875 0.01953125 0.046875 0.021875
0 0.22734375 0.07421875 0.028125 0.028125
0 0.24296875 0.05 0.06875 0.021875
0 0.21875 0.1078125 0.0359375 0.015625
0 0.20703125 0.13046875 0.0265625 0.01875
0 0.2046875 0.1640625 0.0609375 0.025
0 0.17265625 0.24609375 0.0296875 0.015625
0 0.18984375 0.1890625 0.03125 0.021875
0 0.178125 0.2203125 0.0640625 0.03125
0 0.16640625 0.2703125 0.053125 0.021875
0 0.16171875 0.29765625 0.03125 0.021875
0 0.15078125 0.31875 0.059375 0.028125
0 0.08984375 0.38515625 0.04375 0.025
0 0.1125 0.35703125 0.03125 0.03125
0 0.07109375 0.40859375 0.05 0.0328125