0 0.44296875 0.6453125 0.021875 0.0265625
0 0.46015625 0.68984375 0.021875 0.0296875
0 0.859375 0.38984375 0.021875 0.0296875
0 0.709375 0.26484375 0.021875 0.0109375
0 0.6375 0.3234375 0.0296875 0.046875
0 0.590625 0.28203125 0.025 0.0453125
0 0.53984375 0.26875 0.0296875 0.01875
0 0.56171875 0.46328125 0.01875 0.028125
0 0.9046875 0.54765625 0.025 0.0296875
0 0.90859375 0.6078125 0.0265625 0.034375
0 0.9515625 0.684375 0.0265625 0.0296875
0 0.8796875 0.9796875 0.01875 0.040625
0 0.85390625 0.94921875 0.021875 0.0328125
0 0.8296875 0.9203125 0.015625 0.03125
0 0.80859375 0.8859375 0.015625 0.034375
0 0.78359375 0.8546875 0.021875 0.040625
0 0.759375 0.81875 0.01875 0.03125
0 0.7421875 0.93125 0.0375 0.05
0 0.61875 0.9890625 0.01875 0.021875
0 0.6890625 0.87109375 0.028125 0.053125
0 0.63828125 0.8125 0.03125 0.05625
0 0.65234375 0.74140625 0.0265625 0.021875
0 0.690625 0.76328125 0.021875 0.01875
0 0.72421875 0.79453125 0.025 0.0296875
0 0.575 0.91015625 0.021875 0.0296875
0 0.55 0.85703125 0.0265625 0.0328125
0 0.5609375 0.590625 0.028125 0.0296875