0 0.09609375 0.7109375 0.01875 0.015625
0 0.11796875 0.7484375 0.025 0.015625
0 0.14453125 0.78671875 0.025 0.015625
0 0.17421875 0.8296875 0.025 0.015625
0 0.1984375 0.86875 0.021875 0.01875
0 0.225 0.8828125 0.01875 0.015625
0 0.225 0.9109375 0.028125 0.015625
0 0.2546875 0.92734375 0.01875 0.0125
0 0.25859375 0.95546875 0.021875 0.015625
0 0.28671875 0.97578125 0.015625 0.0140625
0 0.2875 0.996875 0.01875 0.00625
0 0.01328125 0.9953125 0.0265625 0.009375
0 0.00390625 0.9609375 0.0078125 0.015625