0 0.00546875 0.39609375 0.0109375 0.0359375
0 0.02265625 0.39609375 0.03125 0.0328125
0 0.05703125 0.4015625 0.034375 0.034375
0 0.09375 0.40546875 0.0328125 0.0359375
0 0.13359375 0.4046875 0.0328125 0.0375
0 0.16875 0.409375 0.034375 0.03125
0 0.203125 0.4078125 0.028125 0.03125
0 0.23984375 0.40859375 0.03125 0.0328125
0 0.278125 0.41015625 0.0328125 0.0328125
0 0.31875 0.40859375 0.034375 0.040625
0 0.3609375 0.3921875 0.034375 0.05
0 0.3953125 0.39375 0.0296875 0.0328125
0 0.43125 0.38515625 0.0359375 0.04375
0 0.4671875 0.3765625 0.0328125 0.0375
0 0.51171875 0.34140625 0.0359375 0.040625
0 0.45546875 0.175 0.0296875 0.0265625
0 0.41875 0.175 0.025 0.0265625
0 0.38203125 0.184375 0.0265625 0.028125
0 0.3484375 0.19140625 0.028125 0.0296875
0 0.31171875 0.1984375 0.028125 0.0328125
0 0.278125 0.209375 0.021875 0.03125
0 0.24140625 0.21640625 0.034375 0.0328125
0 0.17890625 0.22578125 0.03125 0.028125
0 0.14296875 0.228125 0.0296875 0.0265625
0 0.1078125 0.2296875 0.028125 0.0296875
0 0.07265625 0.228125 0.0296875 0.0296875
0 0.03046875 0.2265625 0.034375 0.0359375
0 0.0046875 0.22421875 0.009375 0.0328125
0 0.01015625 0.03203125 0.0203125 0.0296875
0 0.2265625 0.01875 0.03125 0.0375
0 0.1890625 0.021875 0.0265625 0.034375
0 0.153125 0.01953125 0.0265625 0.034375
0 0.11328125 0.01875 0.025 0.0328125
0 0.0734375 0.0234375 0.025 0.03125
0 0.03984375 0.02734375 0.021875 0.0265625
0 0.771875 0.3671875 0.134375 0.103125