0 0.559375 0.08125 0.01875 0.034375
0 0.53046875 0.09375 0.0296875 0.0328125
0 0.38984375 0.15625 0.028125 0.040625
0 0.34765625 0.1625 0.0328125 0.0328125
0 0.31171875 0.17734375 0.0265625 0.0359375
0 0.27578125 0.18984375 0.0265625 0.0375
0 0.23984375 0.19375 0.028125 0.0296875
0 0.2 0.20234375 0.0296875 0.0328125
0 0.05234375 0.22265625 0.028125 0.0375
0 0.09375 0.2140625 0.03125 0.0296875
0 0.128125 0.21015625 0.028125 0.0296875
0 0.16171875 0.21171875 0.0265625 0.0265625
0 0.55625 0.55546875 0.025 0.0265625
0 0.16484375 0.4359375 0.021875 0.0296875
0 0.2 0.42890625 0.021875 0.021875
0 0.24140625 0.428125 0.0265625 0.025
0 0.27890625 0.421875 0.0296875 0.025
0 0.3140625 0.40703125 0.03125 0.021875
0 0.3515625 0.39375 0.021875 0.025
0 0.39140625 0.38671875 0.025 0.0265625
0 0.4265625 0.37109375 0.0296875 0.025
0 0.46015625 0.365625 0.021875 0.028125
0 0.50078125 0.35 0.0296875 0.0296875
0 0.534375 0.34375 0.025 0.0265625
0 0.56484375 0.328125 0.0078125 0.021875
0 0.1015625 0.459375 0.021875 0.028125
0 0.0640625 0.4734375 0.028125 0.01875
0 0.02890625 0.484375 0.01875 0.025
0 0.003125 0.496875 0.00625 0.025