0 0.06875 0.44140625 0.0890625 0.034375
0 0.08203125 0.5265625 0.0953125 0.10625
0 0.3078125 0.34609375 0.028125 0.0265625
0 0.3078125 0.30859375 0.021875 0.0265625
0 0.31171875 0.2734375 0.025 0.015625
0 0.30703125 0.23828125 0.01875 0.009375
0 0.59140625 0.54921875 0.021875 0.01875
0 0.5921875 0.51328125 0.01875 0.01875
0 0.59296875 0.4796875 0.01875 0.01875
0 0.58828125 0.4453125 0.01875 0.01875
0 0.58828125 0.41015625 0.01875 0.021875
0 0.58984375 0.3734375 0.015625 0.01875
0 0.58984375 0.33828125 0.01875 0.0265625
0 0.65546875 0.31640625 0.084375 0.084375
0 0.5890625 0.30390625 0.021875 0.0125
0 0.5875 0.26953125 0.025 0.015625
0 0.5859375 0.23359375 0.025 0.025
0 0.66328125 0.1703125 0.0734375 0.08125
0 0.5609375 0.1984375 0.01875 0.01875
0 0.5703125 0.16484375 0.015625 0.021875
0 0.5890625 0.13046875 0.025 0.0125
0 0.584375 0.09140625 0.025 0.015625
0 0.8109375 0.4875 0.025 0.0125
0 0.85546875 0.515625 0.03125 0.0125
0 0.890625 0.54140625 0.01875 0.015625
0 0.928125 0.5671875 0.021875 0.01875
0 0.725 0.32421875 0.015625 0.01875
0 0.70625 0.2875 0.0125 0.021875
0 0.99140625 0.00625 0.0171875 0.0125