0 0.43984375 0.51953125 0.053125 0.0265625
0 0.52734375 0.471875 0.0234375 0.028125
0 0.00703125 0.634375 0.0140625 0.025
0 0.01015625 0.6734375 0.0203125 0.025
0 0.0078125 0.71875 0.015625 0.015625
0 0.01796875 0.75625 0.0328125 0.01875
0 0.0296875 0.796875 0.0296875 0.015625
0 0.03984375 0.83828125 0.0296875 0.01875
0 0.0453125 0.8765625 0.0375 0.01875
0 0.05078125 0.91640625 0.0328125 0.01875
0 0.059375 0.95234375 0.0296875 0.025
0 0.06484375 0.9875 0.0328125 0.025
0 0.38515625 0.55078125 0.0296875 0.021875
0 0.3875 0.590625 0.034375 0.021875
0 0.38828125 0.6328125 0.0328125 0.021875
0 0.38515625 0.67421875 0.0328125 0.021875
0 0.38671875 0.71484375 0.0328125 0.01875
0 0.38671875 0.75625 0.0296875 0.01875
0 0.38359375 0.7921875 0.0296875 0.01875
0 0.38046875 0.8375 0.028125 0.01875
0 0.37578125 0.88671875 0.03125 0.021875
0 0.36796875 0.92109375 0.03125 0.021875
0 0.34375 0.95859375 0.0328125 0.015625
0 0.328125 0.99609375 0.03125 0.0078125