0 0.28828125 0.0890625 0.05 0.090625
0 0.165625 0.4703125 0.025 0.0125
0 0.12109375 0.4421875 0.03125 0.0125
0 0.0859375 0.41640625 0.01875 0.015625
0 0.0484375 0.390625 0.021875 0.01875
0 0.01640625 0.36015625 0.0171875 0.015625
0 0.2515625 0.63359375 0.015625 0.01875
0 0.29140625 0.70703125 0.01875 0.01875
0 0.27265625 0.66953125 0.01875 0.021875
0 0.3046875 0.7390625 0.021875 0.015625
0 0.33515625 0.78515625 0.01875 0.015625
0 0.3578125 0.8203125 0.01875 0.01875
0 0.38359375 0.8546875 0.0125 0.015625
0 0.01796875 0.9875 0.0203125 0.015625