0 0.04140625 0.209375 0.0828125 0.01875
0 0.30234375 0.35859375 0.1046875 0.0296875
0 0.97890625 0.5875 0.0421875 0.04375
0 0.4609375 0.72265625 0.0875 0.103125
0 0.4609375 0.89140625 0.084375 0.10625
0 0.64453125 0.6875 0.021875 0.021875
0 0.65234375 0.71875 0.0296875 0.01875
0 0.6109375 0.54921875 0.021875 0.015625
0 0.91171875 0.55078125 0.01875 0.0125
0 0.9171875 0.58359375 0.01875 0.015625
0 0.9125 0.61875 0.021875 0.021875
0 0.97734375 0.6703125 0.0453125 0.05625
0 0.85 0.9890625 0.075 0.021875
0 0.8390625 0.87890625 0.028125 0.021875
0 0.92734375 0.91015625 0.05 0.046875