0 0.25625 0.02421875 0.046875 0.0484375
0 0.51953125 0.69140625 0.053125 0.053125
0 0.40625 0.615625 0.08125 0.078125
0 0.3234375 0.5984375 0.015625 0.0265625
0 0.35234375 0.59921875 0.0125 0.021875
0 0.55 0.6015625 0.01875 0.021875
0 0.83828125 0.75234375 0.040625 0.053125
0 0.75703125 0.73828125 0.053125 0.053125
0 0.953125 0.7359375 0.08125 0.071875
0 0.81171875 0.675 0.028125 0.025
0 0.84296875 0.67578125 0.01875 0.01875
0 0.87578125 0.6734375 0.01875 0.01875
0 0.90859375 0.675 0.01875 0.01875