0 0.1546875 0.35 0.009375 0.01875
0 0.203125 0.29453125 0.0125 0.015625
0 0.24609375 0.24453125 0.0125 0.01875
0 0.29609375 0.19296875 0.0125 0.015625
0 0.34140625 0.14375 0.015625 0.0125
0 0.7109375 0.20703125 0.0953125 0.10625
0 0.57578125 0.20703125 0.096875 0.103125
0 0.440625 0.203125 0.096875 0.103125
0 0.3578125 0.765625 0.04375 0.05
0 0.3015625 0.671875 0.0609375 0.053125
0 0.234375 0.5828125 0.053125 0.028125
0 0.00625 0.575 0.0125 0.0125
0 0.04375 0.625 0.01875 0.015625
0 0.109375 0.70859375 0.01875 0.015625
0 0.15 0.753125 0.01875 0.015625
0 0.1859375 0.7953125 0.0125 0.0125
0 0.2234375 0.83984375 0.0125 0.015625
0 0.2578125 0.87578125 0.015625 0.015625
0 0.29296875 0.925 0.015625 0.015625
0 0.32578125 0.96484375 0.021875 0.015625
0 0.003125 0.915625 0.00625 0.021875
0 0.03515625 0.95703125 0.015625 0.0171875
0 0.06875 0.99375 0.01875 0.0125