0 0.44453125 0.35625 0.0109375 0.01875
0 0.4359375 0.39609375 0.0125 0.021875
0 0.4109375 0.41484375 0.0125 0.015625
0 0.4046875 0.446875 0.01875 0.021875
0 0.38125 0.4671875 0.0125 0.015625
0 0.3375 0.1671875 0.015625 0.01875
0 0.3125 0.21484375 0.015625 0.021875
0 0.29921875 0.24921875 0.015625 0.01875
0 0.2828125 0.284375 0.015625 0.021875
0 0.37265625 0.50390625 0.01875 0.01875
0 0.34921875 0.51953125 0.01875 0.01875
0 0.34609375 0.5546875 0.015625 0.01875
0 0.3203125 0.56484375 0.015625 0.0078125
0 0.109375 0.2265625 0.01875 0.0265625
0 0.0890625 0.265625 0.01875 0.021875
0 0.06171875 0.30390625 0.015625 0.0296875
0 0.03515625 0.33046875 0.015625 0.028125
0 0.00703125 0.3625 0.0140625 0.021875
0 0.2265625 0.96484375 0.2125 0.0703125