0 0.215625 0.00390625 0.034375 0.0078125
0 0.228125 0.02734375 0.0328125 0.0296875
0 0.290625 0.16796875 0.040625 0.028125
0 0.296875 0.21015625 0.0328125 0.0328125
0 0.31171875 0.24609375 0.0359375 0.0265625
0 0.32421875 0.28203125 0.0375 0.0265625
0 0.328125 0.31796875 0.0296875 0.028125
0 0.33671875 0.3578125 0.0328125 0.0296875
0 0.378125 0.63203125 0.034375 0.0140625
0 0.36640625 0.6109375 0.0296875 0.0296875
0 0.35703125 0.50546875 0.0375 0.028125
0 0.3484375 0.4640625 0.0296875 0.03125
0 0.34453125 0.4296875 0.0296875 0.028125
0 0.34609375 0.39609375 0.0265625 0.0265625
0 0.68984375 0.00703125 0.0265625 0.0140625
0 0.5703125 0.39296875 0.0296875 0.021875
0 0.56328125 0.3578125 0.021875 0.021875
0 0.5625 0.31640625 0.025 0.0265625
0 0.55625 0.27890625 0.025 0.0296875
0 0.54140625 0.24375 0.021875 0.03125
0 0.528125 0.20625 0.025 0.021875
0 0.52109375 0.16640625 0.0265625 0.025
0 0.50546875 0.13125 0.025 0.0296875
0 0.5 0.09765625 0.028125 0.021875
0 0.484375 0.05703125 0.0296875 0.0296875
0 0.478125 0.0234375 0.0265625 0.025
0 0.59375 0.45625 0.028125 0.021875
0 0.6078125 0.49375 0.01875 0.028125
0 0.61875 0.52890625 0.025 0.01875
0 0.63203125 0.5640625 0.025 0.025
0 0.63203125 0.6 0.025 0.0265625
0 0.634375 0.63359375 0.021875 0.0109375