0 0.0609375 0.234375 0.021875 0.028125
0 0.0390625 0.2609375 0.015625 0.025
0 0.01484375 0.26171875 0.015625 0.0265625
0 0.25625 0.2765625 0.025 0.021875
0 0.22421875 0.2984375 0.015625 0.01875
0 0.18359375 0.3359375 0.021875 0.0265625
0 0.3578125 0.49296875 0.01875 0.0140625
0 0.3828125 0.4890625 0.015625 0.021875
0 0.4015625 0.4640625 0.01875 0.0265625
0 0.4296875 0.45859375 0.021875 0.028125
0 0.45078125 0.42734375 0.021875 0.025
0 0.49140625 0.39921875 0.021875 0.028125
0 0.51328125 0.39296875 0.0109375 0.0265625
0 0.53984375 0.36328125 0.03125 0.084375
0 0.73828125 0.484375 0.0328125 0.03125
0 0.1296875 0.5734375 0.03125 0.128125