0 0.2296875 0.0046875 0.015625 0.009375
0 0.22109375 0.040625 0.015625 0.01875
0 0.22890625 0.0828125 0.015625 0.021875
0 0.23515625 0.125 0.015625 0.015625
0 0.23359375 0.165625 0.0125 0.015625
0 0.2328125 0.209375 0.0125 0.015625
0 0.23359375 0.25078125 0.0125 0.015625
0 0.22734375 0.29296875 0.0125 0.015625
0 0.2296875 0.3328125 0.0125 0.015625
0 0.23359375 0.37734375 0.0125 0.015625
0 0.22890625 0.41796875 0.0125 0.015625
0 0.23515625 0.4609375 0.0140625 0.015625
0 0.2328125 0.5015625 0.0125 0.01875
0 0.234375 0.54375 0.0125 0.01875
0 0.23515625 0.584375 0.0109375 0.015625
0 0.234375 0.628125 0.0109375 0.015625
0 0.234375 0.671875 0.0140625 0.015625
0 0.23203125 0.71171875 0.0140625 0.0140625