0 0.334375 0.35546875 0.115625 0.1
0 0.246875 0.03203125 0.140625 0.0640625
0 0.88515625 0.39609375 0.03125 0.021875
0 0.89609375 0.375 0.059375 0.028125
0 0.95703125 0.30859375 0.04375 0.025
0 0.934375 0.33671875 0.03125 0.03125
0 0.975 0.28515625 0.05 0.0328125
0 0.74765625 0.10234375 0.0328125 0.0296875
0 0.7984375 0.08515625 0.0265625 0.03125
0 0.82578125 0.08984375 0.025 0.03125
0 0.86171875 0.09921875 0.028125 0.0265625
0 0.94296875 0.07109375 0.03125 0.0296875
0 0.9859375 0.0203125 0.028125 0.028125
0 0.9828125 0.046875 0.0296875 0.015625
0 0.9640625 0.0546875 0.03125 0.015625
0 0.01171875 0.8984375 0.0234375 0.040625
0 0.07109375 0.853125 0.05 0.04375
0 0.171875 0.8375 0.053125 0.05
0 0.04375 0.41640625 0.04375 0.0140625