0 0.84453125 0.19140625 0.05 0.103125
0 0.69921875 0.01796875 0.0671875 0.0359375
0 0.45234375 0.86015625 0.015625 0.0296875
0 0.4171875 0.78046875 0.0125 0.0125
0 0.3796875 0.76015625 0.0125 0.025
0 0.34609375 0.72890625 0.0125 0.015625
0 0.28515625 0.70703125 0.0125 0.021875
0 0.25859375 0.69765625 0.0125 0.01875
0 0.21875 0.684375 0.0125 0.01875
0 0.1796875 0.6640625 0.0125 0.01875
0 0.14921875 0.63125 0.009375 0.021875
0 0.11796875 0.5984375 0.0125 0.01875
0 0.078125 0.5828125 0.0125 0.021875
0 0.03828125 0.56328125 0.0125 0.01875
0 0.7328125 0.77421875 0.078125 0.0921875