0 0.9078125 0.1 0.06875 0.084375
0 0.91953125 0.2125 0.053125 0.04375
0 0.54765625 0.01953125 0.0265625 0.021875
0 0.18984375 0.134375 0.0203125 0.046875
0 0.3953125 0.34765625 0.0875 0.103125
0 0.3953125 0.51640625 0.084375 0.10625
0 0.57890625 0.3125 0.021875 0.021875
0 0.58671875 0.34375 0.0296875 0.01875
0 0.54453125 0.1421875 0.01875 0.021875
0 0.5453125 0.17421875 0.021875 0.015625
0 0.84609375 0.14375 0.01875 0.01875
0 0.84609375 0.17578125 0.01875 0.0125
0 0.8515625 0.20859375 0.01875 0.015625
0 0.846875 0.24375 0.021875 0.021875
0 0.915625 0.29609375 0.053125 0.05625
0 0.7734375 0.50390625 0.028125 0.021875
0 0.86171875 0.53515625 0.05 0.046875
0 0.4703125 0.64921875 0.09375 0.08125