0 0.2203125 0.6859375 0.021875 0.021875
0 0.23515625 0.72109375 0.021875 0.01875
0 0.2546875 0.76015625 0.021875 0.01875
0 0.275 0.796875 0.021875 0.015625
0 0.29296875 0.83359375 0.021875 0.01875
0 0.31796875 0.84921875 0.021875 0.015625
0 0.31875 0.88125 0.021875 0.01875
0 0.34296875 0.92890625 0.021875 0.015625
0 0.36640625 0.94765625 0.01875 0.01875
0 0.36484375 0.975 0.0125 0.015625
0 0.39296875 0.990625 0.0234375 0.01875
0 0.53671875 0.778125 0.021875 0.015625
0 0.56328125 0.81796875 0.021875 0.021875
0 0.58984375 0.85078125 0.01875 0.0125
0 0.61953125 0.88359375 0.021875 0.015625
0 0.640625 0.91796875 0.01875 0.015625
0 0.671875 0.95390625 0.015625 0.015625
0 0.6984375 0.9875 0.0296875 0.0125