0 0.928125 0.0359375 0.021875 0.071875
0 0.4984375 0.99609375 0.0125 0.0078125
0 0.94921875 0.7015625 0.015625 0.021875
0 0.91171875 0.71796875 0.015625 0.01875
0 0.878125 0.74453125 0.015625 0.01875
0 0.840625 0.76640625 0.015625 0.025
0 0.80234375 0.79296875 0.015625 0.025
0 0.759375 0.82265625 0.015625 0.025
0 0.7203125 0.846875 0.01875 0.021875
0 0.70625 0.8734375 0.015625 0.01875
0 0.678125 0.8734375 0.015625 0.028125
0 0.66171875 0.903125 0.0125 0.01875
0 0.63359375 0.90703125 0.015625 0.0234375
0 0.61328125 0.93515625 0.0125 0.015625
0 0.58671875 0.9359375 0.015625 0.01875
0 0.56875 0.965625 0.01875 0.021875
0 0.5421875 0.96953125 0.0125 0.01875
0 0.58984375 0.66171875 0.015625 0.0265625
0 0.62734375 0.6421875 0.015625 0.0296875
0 0.66875 0.61796875 0.015625 0.025
0 0.70546875 0.5984375 0.015625 0.025