0 0.31875 0.34140625 0.021875 0.0171875
0 0.2640625 0.34140625 0.028125 0.0171875
0 0.2890625 0.3390625 0.021875 0.021875
0 0.23125 0.33515625 0.015625 0.0296875
0 0.20859375 0.32734375 0.01875 0.0265625
0 0.175 0.321875 0.025 0.05625
0 0.09296875 0.29296875 0.015625 0.0296875
0 0.15 0.31015625 0.021875 0.03125
0 0.11875 0.2984375 0.03125 0.0640625
0 0.06875 0.28671875 0.021875 0.053125
0 0.04140625 0.28203125 0.021875 0.03125
0 0.0203125 0.27109375 0.028125 0.059375
0 0.7265625 0.19296875 0.0953125 0.10625
0 0.59140625 0.19296875 0.096875 0.103125
0 0.45625 0.1890625 0.096875 0.103125