0 0.60625 0.35859375 0.028125 0.0265625
0 0.60625 0.32109375 0.021875 0.0265625
0 0.61015625 0.2859375 0.025 0.015625
0 0.60546875 0.25078125 0.01875 0.009375
0 0.8859375 0.4203125 0.01875 0.01875
0 0.88828125 0.3859375 0.015625 0.01875
0 0.88828125 0.35078125 0.01875 0.0265625
0 0.95390625 0.32890625 0.084375 0.084375
0 0.8875 0.31640625 0.021875 0.0125
0 0.8859375 0.28203125 0.025 0.015625
0 0.884375 0.24609375 0.025 0.025
0 0.9625 0.1828125 0.075 0.08125
0 0.859375 0.2109375 0.01875 0.01875
0 0.86875 0.17734375 0.015625 0.021875
0 0.8875 0.14296875 0.025 0.0125
0 0.8828125 0.10390625 0.025 0.015625
0 0.1890625 0.6625 0.04375 0.0953125
0 0.9921875 0.91953125 0.015625 0.0671875
0 0.9921875 0.77734375 0.015625 0.0671875
0 0.9875 0.6390625 0.025 0.065625
0 0.99609375 0.5390625 0.0078125 0.04375
0 0.996875 0.46640625 0.00625 0.0359375