0 0.646875 0.95390625 0.0265625 0.021875
0 0.69140625 0.93671875 0.0296875 0.021875
0 0.98671875 0.990625 0.0265625 0.01875
0 0.39765625 0.5375 0.0171875 0.021875
0 0.46484375 0.83515625 0.028125 0.01875
0 0.98046875 0.521875 0.0390625 0.00625
0 0.95078125 0.54296875 0.0328125 0.021875
0 0.921875 0.5671875 0.03125 0.015625
0 0.8875 0.58828125 0.034375 0.015625
0 0.85625 0.61328125 0.040625 0.021875
0 0.8203125 0.6375 0.03125 0.01875
0 0.9328125 0.6546875 0.05 0.0375
0 0.98984375 0.7765625 0.0203125 0.01875
0 0.87265625 0.7078125 0.053125 0.028125
0 0.8140625 0.75859375 0.05625 0.03125
0 0.74296875 0.74453125 0.021875 0.0265625
0 0.76484375 0.70625 0.01875 0.021875
0 0.79609375 0.67265625 0.0296875 0.025
0 0.91171875 0.821875 0.0296875 0.021875
0 0.85859375 0.846875 0.0328125 0.0265625
0 0.5921875 0.8359375 0.0296875 0.028125