0 0.98203125 0.95859375 0.01875 0.028125
0 0.6390625 0.87421875 0.025 0.0296875
0 0.63515625 0.8140625 0.0265625 0.034375
0 0.5921875 0.7375 0.0265625 0.0296875
0 0.5171875 0.54140625 0.084375 0.1609375
0 0.6390625 0.40859375 0.021875 0.0328125
0 0.66328125 0.43984375 0.01875 0.04375
0 0.68984375 0.47265625 0.021875 0.0328125
0 0.7140625 0.5015625 0.015625 0.03125
0 0.73515625 0.5359375 0.015625 0.034375
0 0.76015625 0.5671875 0.021875 0.040625
0 0.784375 0.603125 0.01875 0.03125
0 0.8015625 0.490625 0.0375 0.05
0 0.92421875 0.42734375 0.01875 0.03125
0 0.8546875 0.55078125 0.028125 0.053125
0 0.90546875 0.609375 0.03125 0.05625
0 0.89140625 0.68046875 0.0265625 0.021875
0 0.853125 0.65859375 0.021875 0.01875
0 0.81953125 0.62734375 0.025 0.0296875
0 0.43984375 0.896875 0.01875 0.01875
0 0.39765625 0.81796875 0.015625 0.021875
0 0.375 0.775 0.01875 0.021875
0 0.96875 0.51171875 0.021875 0.0296875
0 0.98984375 0.56484375 0.0203125 0.0328125
0 0.9828125 0.83125 0.028125 0.0296875