0 0.43671875 0.04375 0.0859375 0.0875
0 0.3078125 0.0421875 0.096875 0.084375
0 0.0234375 0.54453125 0.025 0.021875
0 0.71875 0.01171875 0.04375 0.0234375
0 0.91484375 0.03203125 0.053125 0.046875
0 0.246875 0.92734375 0.084375 0.1453125
0 0.128125 0.7671875 0.071875 0.034375
0 0.3421875 0.7640625 0.021875 0.028125
0 0.36875 0.80234375 0.021875 0.0328125
0 0.39296875 0.83359375 0.01875 0.04375
0 0.41953125 0.86640625 0.021875 0.0328125
0 0.44375 0.8953125 0.015625 0.03125
0 0.46484375 0.9296875 0.015625 0.034375