0 0.1859375 0.33203125 0.0296875 0.021875
0 0.17890625 0.296875 0.021875 0.021875
0 0.178125 0.25546875 0.025 0.0265625
0 0.171875 0.21796875 0.025 0.0296875
0 0.15703125 0.1828125 0.021875 0.03125
0 0.14375 0.1453125 0.025 0.021875
0 0.13671875 0.10546875 0.0265625 0.025
0 0.12109375 0.0703125 0.025 0.0296875
0 0.115625 0.03671875 0.028125 0.021875
0 0.09921875 0.00546875 0.0296875 0.0109375
0 0.209375 0.3953125 0.028125 0.021875
0 0.2234375 0.4328125 0.01875 0.028125
0 0.234375 0.46328125 0.025 0.0109375
0 0.7796875 0.4765625 0.115625 0.015625
0 0.9296875 0.8734375 0.140625 0.0375