0 0.73359375 0.1265625 0.03125 0.121875
0 0.0453125 0.95390625 0.075 0.0921875
0 0.178125 0.6578125 0.021875 0.0296875
0 0.18515625 0.70390625 0.015625 0.01875
0 0.27109375 0.784375 0.015625 0.015625
0 0.23046875 0.78515625 0.015625 0.015625
0 0.22578125 0.7484375 0.0125 0.015625
0 0.19375 0.79140625 0.01875 0.03125
0 0.28125 0.83125 0.0125 0.015625
0 0.30546875 0.87265625 0.015625 0.01875
0 0.32265625 0.92890625 0.015625 0.01875
0 0.39609375 0.73203125 0.015625 0.015625
0 0.43046875 0.75546875 0.025 0.025
0 0.47890625 0.80390625 0.01875 0.0203125
0 0.58125 0.921875 0.01875 0.021875
0 0.9703125 0.99140625 0.021875 0.0171875
0 0.94609375 0.94296875 0.0265625 0.05
0 0.90390625 0.8984375 0.0296875 0.05
0 0.828125 0.896875 0.0296875 0.046875
0 0.76640625 0.8796875 0.028125 0.053125
0 0.7140625 0.846875 0.021875 0.05
0 0.65703125 0.81953125 0.021875 0.040625