0 0.1984375 0.07109375 0.021875 0.015625
0 0.21484375 0.10859375 0.01875 0.015625
0 0.24140625 0.1421875 0.01875 0.015625
0 0.26328125 0.1796875 0.025 0.015625
0 0.28984375 0.21796875 0.025 0.015625
0 0.31953125 0.2609375 0.025 0.015625
0 0.34375 0.3 0.021875 0.01875
0 0.3703125 0.3140625 0.01875 0.015625
0 0.3703125 0.3421875 0.028125 0.015625
0 0.15859375 0.43046875 0.0265625 0.015625
0 0.1390625 0.39296875 0.0296875 0.015625
0 0.11484375 0.3515625 0.025 0.015625
0 0.0953125 0.31484375 0.025 0.015625