0 0.21484375 0.00625 0.0328125 0.0125
0 0.21640625 0.0375 0.040625 0.034375
0 0.2328125 0.0796875 0.05 0.034375
0 0.23125 0.1140625 0.0328125 0.0296875
0 0.23984375 0.15 0.04375 0.0359375
0 0.2484375 0.1859375 0.0375 0.0328125
0 0.3171875 0.36015625 0.025 0.0296875
0 0.2953125 0.32109375 0.0296875 0.0296875
0 0.29375 0.29140625 0.0265625 0.0328125
0 0.28359375 0.23046875 0.040625 0.0359375
0 0.45 0.17421875 0.0265625 0.0296875
0 0.45 0.1375 0.0265625 0.025
0 0.440625 0.10078125 0.028125 0.0265625
0 0.43359375 0.0671875 0.0296875 0.028125
0 0.4265625 0.03046875 0.0328125 0.028125
0 0.415625 0.00390625 0.03125 0.0078125
0 0.42890625 0.92578125 0.04375 0.034375
0 0.678125 0.45625 0.08125 0.0125
0 0.734375 0.7078125 0.0953125 0.01875