0 0.8625 0.003125 0.015625 0.00625
0 0.8953125 0.0078125 0.021875 0.015625
0 0.915625 0.0296875 0.015625 0.0125
0 0.615625 0.0734375 0.01875 0.015625
0 0.66328125 0.0984375 0.021875 0.015625
0 0.69765625 0.11171875 0.01875 0.015625
0 0.7328125 0.128125 0.021875 0.015625
0 0.95234375 0.03828125 0.01875 0.01875
0 0.96796875 0.06171875 0.01875 0.01875
0 0.996875 0.0640625 0.00625 0.015625
0 0.675 0.3015625 0.0265625 0.01875
0 0.7140625 0.321875 0.021875 0.01875
0 0.75234375 0.34921875 0.0296875 0.015625
0 0.77890625 0.37578125 0.028125 0.015625
0 0.8109375 0.40390625 0.021875 0.015625
0 0.8375 0.44140625 0.0296875 0.01875