0 0.5671875 0.3828125 0.015625 0.0265625
0 0.59765625 0.35625 0.0125 0.021875
0 0.6328125 0.3125 0.0125 0.015625
0 0.34453125 0.03359375 0.025 0.015625
0 0.30625 0.04765625 0.01875 0.025
0 0.24296875 0.10625 0.0265625 0.01875
0 0.27109375 0.06640625 0.0265625 0.0265625
0 0.2109375 0.13671875 0.028125 0.021875
0 0.18203125 0.16953125 0.0265625 0.021875
0 0.14921875 0.203125 0.021875 0.0296875
0 0.12421875 0.24296875 0.025 0.021875
0 0.09296875 0.2734375 0.025 0.021875
0 0.053125 0.28359375 0.025 0.021875
0 0.01484375 0.29453125 0.021875 0.025