0 0.95703125 0.39453125 0.0859375 0.1296875
0 0.715625 0.88203125 0.021875 0.015625
0 0.69921875 0.84453125 0.01875 0.015625
0 0.67265625 0.8109375 0.01875 0.015625
0 0.65078125 0.7734375 0.025 0.015625
0 0.62421875 0.73515625 0.025 0.015625
0 0.59453125 0.6921875 0.025 0.015625
0 0.5703125 0.653125 0.021875 0.01875
0 0.54375 0.6390625 0.01875 0.015625
0 0.54375 0.6109375 0.028125 0.015625
0 0.5140625 0.59453125 0.01875 0.0125
0 0.51015625 0.56640625 0.021875 0.015625
0 0.48203125 0.54609375 0.015625 0.0125
0 0.48125 0.51953125 0.01875 0.015625
0 0.4515625 0.5015625 0.021875 0.01875
0 0.44765625 0.475 0.0171875 0.0125
0 0.75546875 0.52265625 0.0265625 0.015625
0 0.775 0.56015625 0.0296875 0.015625
0 0.79921875 0.6015625 0.025 0.015625
0 0.81875 0.63828125 0.025 0.015625