0 0.440625 0.11171875 0.184375 0.125
0 0.53984375 0.49609375 0.0125 0.015625
0 0.53828125 0.540625 0.0125 0.0125
0 0.5375 0.58203125 0.0125 0.0125
0 0.53671875 0.621875 0.0125 0.0125
0 0.53828125 0.66484375 0.0125 0.0125
0 0.5421875 0.70546875 0.0125 0.0125
0 0.53984375 0.74765625 0.01875 0.0125
0 0.53984375 0.78984375 0.0140625 0.0125
0 0.54765625 0.83203125 0.015625 0.0125
0 0.54765625 0.87265625 0.015625 0.015625
0 0.54375 0.91328125 0.015625 0.01875
0 0.5421875 0.95859375 0.0140625 0.0125
0 0.54140625 0.996875 0.0171875 0.00625
0 0.884375 0.5 0.009375 0.0125
0 0.8703125 0.54921875 0.0125 0.0125
0 0.85703125 0.603125 0.0125 0.015625
0 0.8640625 0.6703125 0.0125 0.015625
0 0.865625 0.7296875 0.015625 0.015625
0 0.8640625 0.78984375 0.0125 0.0125
0 0.86640625 0.85 0.0125 0.0125
0 0.86640625 0.91015625 0.0125 0.015625
0 0.86640625 0.97421875 0.0125 0.015625