0 0.26875 0.284375 0.0296875 0.021875
0 0.22265625 0.29140625 0.01875 0.015625
0 0.1421875 0.37734375 0.015625 0.015625
0 0.14140625 0.33671875 0.015625 0.015625
0 0.178125 0.33203125 0.015625 0.0125
0 0.13515625 0.3 0.03125 0.01875
0 0.0953125 0.3875 0.015625 0.0125
0 0.05390625 0.41171875 0.01875 0.015625
0 0.003125 0.428125 0.00625 0.015625
0 0.19453125 0.50234375 0.015625 0.015625
0 0.17109375 0.53671875 0.025 0.025
0 0.12265625 0.58515625 0.01875 0.01875
0 0.0078125 0.6875 0.015625 0.01875
0 0.9734375 0.553125 0.053125 0.04375
0 0.8703125 0.28359375 0.125 0.059375
0 0.6484375 0.015625 0.13125 0.03125