0 0.2390625 0.4953125 0.08125 0.075
0 0.53671875 0.9796875 0.0140625 0.025
0 0.5484375 0.953125 0.01875 0.01875
0 0.57421875 0.94921875 0.015625 0.025
0 0.5921875 0.921875 0.01875 0.0265625
0 0.6203125 0.91640625 0.021875 0.028125
0 0.64140625 0.88515625 0.021875 0.025
0 0.68203125 0.85703125 0.021875 0.028125
0 0.7078125 0.85078125 0.01875 0.0265625
0 0.725 0.82578125 0.021875 0.028125
0 0.75390625 0.82265625 0.01875 0.028125
0 0.77265625 0.79453125 0.021875 0.028125
0 0.79921875 0.7921875 0.021875 0.021875
0 0.8171875 0.7640625 0.01875 0.0296875
0 0.84296875 0.7625 0.015625 0.0265625
0 0.8578125 0.734375 0.025 0.0296875
0 0.89765625 0.7109375 0.01875 0.0296875
0 0.94140625 0.678125 0.021875 0.0296875
0 0.97890625 0.6515625 0.021875 0.028125
0 0.72578125 0.54609375 0.0265625 0.03125
0 0.7640625 0.52734375 0.025 0.0296875
0 0.809375 0.503125 0.021875 0.028125
0 0.84453125 0.48671875 0.0265625 0.03125