0 0.328125 0.5546875 0.078125 0.028125
0 0.9296875 0.1453125 0.05 0.040625
0 0.7328125 0.5 0.01875 0.01875
0 0.73203125 0.46640625 0.01875 0.01875
0 0.853125 0.42109375 0.015625 0.015625
0 0.85 0.3859375 0.015625 0.0125
0 0.896875 0.5609375 0.009375 0.015625
0 0.87734375 0.49140625 0.0125 0.009375
0 0.86953125 0.4609375 0.0125 0.015625
0 0.7296875 0.42890625 0.01875 0.0125
0 0.725 0.396875 0.0125 0.015625
0 0.72109375 0.35546875 0.0125 0.0125
0 0.99375 0.353125 0.0125 0.015625
0 0.9921875 0.3828125 0.015625 0.0125
0 0.99375 0.42109375 0.0125 0.0125