0 0.309375 0.2265625 0.034375 0.03125
0 0.34375 0.225 0.028125 0.03125
0 0.38046875 0.22578125 0.03125 0.0328125
0 0.41875 0.22734375 0.0328125 0.0328125
0 0.459375 0.22578125 0.034375 0.040625
0 0.5015625 0.209375 0.034375 0.05
0 0.5359375 0.2109375 0.0296875 0.0328125
0 0.571875 0.20234375 0.0359375 0.04375
0 0.6078125 0.19375 0.0328125 0.0375
0 0.78203125 0.125 0.0296875 0.025
0 0.74296875 0.146875 0.0296875 0.0296875
0 0.71328125 0.1484375 0.0328125 0.0265625
0 0.65234375 0.15859375 0.0359375 0.040625
0 0.52265625 0.0078125 0.0265625 0.015625
0 0.4890625 0.01171875 0.028125 0.0234375
0 0.4515625 0.015625 0.028125 0.03125
0 0.41875 0.0265625 0.021875 0.03125
0 0.38203125 0.03359375 0.034375 0.0328125
0 0.31953125 0.04296875 0.03125 0.028125
0 0.29375 0.04453125 0.009375 0.0265625