0 0.646875 0.37421875 0.034375 0.1890625
0 0.01796875 0.53515625 0.0125 0.021875
0 0.03359375 0.5078125 0.015625 0.01875
0 0.059375 0.50390625 0.015625 0.01875
0 0.078125 0.4765625 0.015625 0.015625
0 0.1046875 0.47265625 0.015625 0.0078125
0 0.55234375 0.565625 0.021875 0.0265625
0 0.51796875 0.58203125 0.01875 0.021875
0 0.47890625 0.6015625 0.01875 0.021875
0 0.4421875 0.621875 0.015625 0.021875
0 0.40546875 0.63984375 0.01875 0.021875
0 0.38984375 0.66484375 0.015625 0.021875
0 0.3578125 0.665625 0.01875 0.021875
0 0.31015625 0.68984375 0.015625 0.021875
0 0.29140625 0.71328125 0.01875 0.01875
0 0.2640625 0.71171875 0.015625 0.0125
0 0.246875 0.73984375 0.021875 0.021875
0 0.21953125 0.73828125 0.015625 0.01875
0 0.20078125 0.7640625 0.0125 0.015625
0 0.171875 0.76484375 0.01875 0.01875
0 0.1296875 0.78359375 0.021875 0.01875
0 0.0953125 0.803125 0.01875 0.01875
0 0.4609375 0.88359375 0.015625 0.021875
0 0.42109375 0.91015625 0.021875 0.021875
0 0.38828125 0.93671875 0.0125 0.01875
0 0.35546875 0.96640625 0.015625 0.021875
0 0.32109375 0.9875 0.015625 0.01875