0 0.2828125 0.43828125 0.0375 0.1015625
0 0.09296875 0.1265625 0.021875 0.134375
0 0.88828125 0.95390625 0.0265625 0.015625
0 0.9203125 0.95078125 0.021875 0.01875
0 0.5296875 0.98984375 0.015625 0.0203125
0 0.5625 0.99140625 0.015625 0.0171875
0 0.5921875 0.9921875 0.021875 0.015625
0 0.75 0.98984375 0.025 0.0203125
0 0.715625 0.98828125 0.028125 0.0234375
0 0.78828125 0.61015625 0.040625 0.053125
0 0.86953125 0.62421875 0.053125 0.053125
0 0.6734375 0.6265625 0.08125 0.071875
0 0.81484375 0.6875 0.028125 0.025
0 0.78359375 0.68671875 0.01875 0.01875
0 0.75078125 0.6890625 0.01875 0.01875
0 0.71796875 0.6875 0.01875 0.01875
0 0.55234375 0.63984375 0.0671875 0.0859375
0 0.559375 0.68359375 0.0125 0.0203125