0 0.72734375 0.52265625 0.0359375 0.0265625
0 0.72734375 0.54765625 0.0328125 0.03125
0 0.721875 0.58203125 0.034375 0.034375
0 0.71796875 0.61875 0.0359375 0.0328125
0 0.71875 0.65859375 0.0375 0.0328125
0 0.7140625 0.69375 0.03125 0.034375
0 0.715625 0.728125 0.03125 0.028125
0 0.71484375 0.76484375 0.0328125 0.03125
0 0.71328125 0.803125 0.0328125 0.0328125
0 0.71484375 0.84375 0.040625 0.034375
0 0.73125 0.8859375 0.05 0.034375
0 0.7296875 0.9203125 0.0328125 0.0296875
0 0.73828125 0.95625 0.04375 0.0359375
0 0.746875 0.9875 0.0375 0.025
0 0.9484375 0.98046875 0.0265625 0.0296875
0 0.9484375 0.94375 0.0265625 0.025
0 0.9390625 0.90703125 0.028125 0.0265625
0 0.93203125 0.8734375 0.0296875 0.028125
0 0.925 0.83671875 0.0328125 0.028125
0 0.9140625 0.803125 0.03125 0.021875
0 0.90703125 0.76640625 0.0328125 0.034375
0 0.89765625 0.70390625 0.028125 0.03125
0 0.8953125 0.66796875 0.0265625 0.0296875
0 0.89375 0.6328125 0.0296875 0.028125
0 0.8953125 0.59765625 0.0296875 0.0296875
0 0.896875 0.55546875 0.0359375 0.034375
0 0.89765625 0.521875 0.0328125 0.025