0 0.1640625 0.3609375 0.05 0.040625
0 0.3609375 0.0078125 0.01875 0.015625
0 0.36171875 0.03984375 0.01875 0.01875
0 0.240625 0.08515625 0.015625 0.015625
0 0.24375 0.1203125 0.015625 0.0125
0 0.21640625 0.01484375 0.0125 0.009375
0 0.22421875 0.0453125 0.0125 0.015625
0 0.3640625 0.07734375 0.01875 0.0125
0 0.36875 0.109375 0.0125 0.015625
0 0.37265625 0.15078125 0.0125 0.0125
0 0.096875 0.15234375 0.01875 0.015625
0 0.10078125 0.12265625 0.015625 0.0125
0 0.1 0.08515625 0.0125 0.0125
0 0.0875 0.04296875 0.015625 0.015625
0 0.075 0.0046875 0.015625 0.009375
0 0.8453125 0.34765625 0.084375 0.04375
0 0.6046875 0.3171875 0.04375 0.0875