0 0.9953125 0.38671875 0.009375 0.0859375
0 0.93125 0.43359375 0.01875 0.0078125
0 0.84375 0.43359375 0.015625 0.0078125
0 0.753125 0.434375 0.025 0.009375
0 0.6609375 0.4328125 0.01875 0.00625
0 0.575 0.43359375 0.015625 0.0078125
0 0.97265625 0.7421875 0.015625 0.015625
0 0.93203125 0.74140625 0.015625 0.0125
0 0.88828125 0.73984375 0.0125 0.0125
0 0.84609375 0.73671875 0.015625 0.015625
0 0.8046875 0.7375 0.01875 0.01875
0 0.76171875 0.7421875 0.01875 0.015625
0 0.721875 0.73359375 0.01875 0.015625
0 0.6796875 0.74140625 0.021875 0.015625
0 0.6375 0.74765625 0.015625 0.015625
0 0.596875 0.74609375 0.015625 0.0125