0 0.9921875 0.071875 0.015625 0.01875
0 0.99453125 0.1609375 0.0109375 0.015625
0 0.9953125 0.2515625 0.009375 0.025
0 0.9953125 0.3421875 0.009375 0.01875
0 0.99453125 0.4296875 0.0109375 0.015625
0 0.9953125 0.515625 0.009375 0.025
0 0.4203125 0.5875 0.046875 0.015625
0 0.36953125 0.621875 0.046875 0.025
0 0.34375 0.6796875 0.040625 0.0328125
0 0.31484375 0.73125 0.04375 0.0265625
0 0.28359375 0.77890625 0.053125 0.0328125
0 0.24921875 0.82890625 0.053125 0.03125
0 0.2125 0.878125 0.046875 0.025
0 0.0421875 0.9734375 0.040625 0.021875
0 0.13203125 0.975 0.0328125 0.021875
0 0.178125 0.925 0.046875 0.021875
0 0.65390625 0.83203125 0.125 0.1375