0 0.625 0.3953125 0.021875 0.028125
0 0.59921875 0.346875 0.01875 0.0265625
0 0.57265625 0.2984375 0.01875 0.025
0 0.5640625 0.20390625 0.01875 0.021875
0 0.74765625 0.08046875 0.01875 0.0265625
0 0.77265625 0.128125 0.01875 0.01875
0 0.796875 0.1828125 0.01875 0.015625
0 0.82421875 0.23359375 0.01875 0.015625
0 0.84765625 0.28046875 0.01875 0.021875
0 0.87421875 0.33046875 0.01875 0.015625
0 0.90234375 0.384375 0.021875 0.0265625
0 0.92890625 0.43515625 0.021875 0.021875
0 0.99453125 0.109375 0.0109375 0.021875
0 0.75234375 0.97421875 0.084375 0.03125
0 0.89609375 0.775 0.075 0.0328125