0 0.8265625 0.72890625 0.0265625 0.021875
0 0.81015625 0.69453125 0.021875 0.01875
0 0.790625 0.65546875 0.021875 0.01875
0 0.7703125 0.61875 0.021875 0.015625
0 0.75234375 0.58203125 0.021875 0.01875
0 0.72734375 0.56640625 0.021875 0.015625
0 0.7265625 0.534375 0.021875 0.01875
0 0.70234375 0.48671875 0.021875 0.015625
0 0.67890625 0.46796875 0.01875 0.01875
0 0.68046875 0.440625 0.0125 0.015625
0 0.65234375 0.4234375 0.021875 0.021875
0 0.653125 0.4015625 0.01875 0.003125
0 0.50859375 0.6375 0.021875 0.015625