0 0.4875 0.4078125 0.015625 0.021875
0 0.50703125 0.38515625 0.01875 0.01875
0 0.534375 0.38671875 0.015625 0.0125
0 0.5515625 0.35859375 0.021875 0.021875
0 0.57890625 0.36015625 0.015625 0.01875
0 0.59765625 0.334375 0.0125 0.015625
0 0.60546875 0.0046875 0.0078125 0.009375
0 0.58046875 0.02734375 0.0125 0.01875
0 0.3375 0.21484375 0.015625 0.021875
0 0.37734375 0.18828125 0.021875 0.021875
0 0.41015625 0.16171875 0.0125 0.01875
0 0.44296875 0.13203125 0.015625 0.021875
0 0.47734375 0.1109375 0.015625 0.01875
0 0.51328125 0.0796875 0.015625 0.015625
0 0.546875 0.053125 0.0125 0.0296875