0 0.34609375 0.0578125 0.0125 0.015625
0 0.3671875 0.09453125 0.015625 0.025
0 0.38671875 0.1359375 0.01875 0.025
0 0.0109375 0.46171875 0.021875 0.0140625
0 0.02109375 0.29609375 0.01875 0.01875
0 0.06640625 0.3828125 0.015625 0.028125
0 0.08828125 0.43046875 0.01875 0.028125
0 0.08203125 0.01640625 0.015625 0.0125
0 0.1078125 0.040625 0.01875 0.01875
0 0.13203125 0.08359375 0.0125 0.01875
0 0.15234375 0.11953125 0.015625 0.015625
0 0.19296875 0.20625 0.015625 0.025
0 0.21171875 0.2546875 0.01875 0.0265625
0 0.2375 0.309375 0.015625 0.0328125
0 0.25546875 0.35625 0.0125 0.0125
0 0.29765625 0.41640625 0.015625 0.021875
0 0.746875 0.4328125 0.1 0.071875
0 0.4296875 0.09765625 0.040625 0.0921875