0 0.06015625 0.0484375 0.03125 0.015625
0 0.08984375 0.02265625 0.01875 0.015625
0 0.13671875 0.003125 0.0265625 0.00625
0 0.3859375 0.59375 0.034375 0.01875
0 0.41484375 0.56875 0.0296875 0.0125
0 0.22265625 0.43515625 0.0265625 0.015625
0 0.01953125 0.3203125 0.025 0.0125
0 0.06328125 0.29609375 0.021875 0.0125
0 0.1203125 0.24453125 0.015625 0.009375
0 0.16640625 0.22421875 0.0125 0.015625
0 0.190625 0.1984375 0.01875 0.01875
0 0.23359375 0.17421875 0.01875 0.0125
0 0.26953125 0.15390625 0.015625 0.015625
0 0.35625 0.11328125 0.025 0.015625
0 0.4046875 0.09453125 0.0265625 0.01875