0 0.4515625 0.0203125 0.10625 0.040625
0 0.59921875 0.0515625 0.021875 0.028125
0 0.678125 0.03671875 0.01875 0.021875
0 0.74296875 0.0296875 0.01875 0.021875
0 0.7109375 0.03125 0.0125 0.021875
0 0.57265625 0.07734375 0.01875 0.021875
0 0.54453125 0.0859375 0.015625 0.021875
0 0.64453125 0.04375 0.01875 0.01875
0 0.55 0.49453125 0.05 0.0625
0 0.6171875 0.29453125 0.01875 0.021875
0 0.58203125 0.2953125 0.025 0.025
0 0.54921875 0.30078125 0.021875 0.0296875
0 0.52421875 0.296875 0.0109375 0.03125
0 0.803125 0.60625 0.096875 0.065625
0 0.95859375 0.60546875 0.0828125 0.0671875