0 0.40625 0.44921875 0.0328125 0.0328125
0 0.42109375 0.48515625 0.0359375 0.0265625
0 0.43359375 0.52109375 0.0375 0.0265625
0 0.4375 0.55703125 0.0296875 0.028125
0 0.44609375 0.596875 0.0328125 0.0296875
0 0.48984375 0.9234375 0.0375 0.03125
0 0.48828125 0.87890625 0.034375 0.028125
0 0.47578125 0.85 0.0296875 0.0296875
0 0.46640625 0.74453125 0.0375 0.028125
0 0.4578125 0.703125 0.0296875 0.03125
0 0.45390625 0.66875 0.0296875 0.028125
0 0.45546875 0.63515625 0.0265625 0.0265625
0 0.6796875 0.63203125 0.0296875 0.021875
0 0.67265625 0.596875 0.021875 0.021875
0 0.671875 0.55546875 0.025 0.0265625
0 0.665625 0.51796875 0.025 0.0296875
0 0.65078125 0.4828125 0.021875 0.03125
0 0.6375 0.4453125 0.025 0.021875
0 0.703125 0.6953125 0.028125 0.021875
0 0.7171875 0.7328125 0.01875 0.028125
0 0.728125 0.76796875 0.025 0.01875
0 0.74140625 0.803125 0.025 0.025
0 0.74140625 0.8390625 0.025 0.0265625
0 0.74453125 0.88125 0.021875 0.0265625
0 0.74765625 0.91171875 0.021875 0.021875
0 0.73671875 0.95546875 0.021875 0.0296875
0 0.7234375 0.9875 0.025 0.025