0 0.1453125 0.7828125 0.084375 0.06875
0 0.0328125 0.79453125 0.04375 0.053125
0 0.271875 0.77109375 0.06875 0.0828125
0 0.39921875 0.740625 0.103125 0.09375
0 0.48828125 0.74375 0.034375 0.0609375
0 0.403125 0.42578125 0.01875 0.0296875
0 0.325 0.42265625 0.015625 0.021875
0 0.28828125 0.42109375 0.0125 0.025
0 0.25703125 0.41796875 0.01875 0.025
0 0.22578125 0.42265625 0.021875 0.0265625
0 0.103125 0.41953125 0.021875 0.01875
0 0.07109375 0.4203125 0.015625 0.021875
0 0.1015625 0.72109375 0.01875 0.01875
0 0.06953125 0.72109375 0.0125 0.01875
0 0.03671875 0.7265625 0.015625 0.01875
0 0.00625 0.721875 0.0125 0.021875