0 0.7875 0.990625 0.021875 0.01875
0 0.7421875 0.83828125 0.025 0.0296875
0 0.73828125 0.778125 0.0265625 0.034375
0 0.6953125 0.7015625 0.0265625 0.0296875
0 0.6203125 0.50546875 0.084375 0.1609375
0 0.71640625 0.33359375 0.021875 0.03125
0 0.7421875 0.37265625 0.021875 0.0328125
0 0.76640625 0.40390625 0.01875 0.04375
0 0.79296875 0.43671875 0.021875 0.0328125
0 0.8171875 0.465625 0.015625 0.03125
0 0.83828125 0.5 0.015625 0.034375
0 0.86328125 0.53125 0.021875 0.040625
0 0.8875 0.5671875 0.01875 0.03125
0 0.9046875 0.4546875 0.0375 0.05
0 0.9578125 0.51484375 0.028125 0.053125
0 0.99609375 0.5734375 0.0078125 0.05625
0 0.990625 0.64375 0.01875 0.021875
0 0.95625 0.62265625 0.021875 0.01875
0 0.92265625 0.59140625 0.025 0.0296875
0 0.54296875 0.8609375 0.01875 0.01875