0 0.7734375 0.02421875 0.271875 0.0484375
0 0.2296875 0.69375 0.040625 0.05
0 0.159375 0.5859375 0.0296875 0.040625
0 0.503125 0.7703125 0.0125 0.015625
0 0.4703125 0.7734375 0.0125 0.015625
0 0.5078125 0.89375 0.003125 0.01875
0 0.48125 0.8984375 0.015625 0.0125
0 0.43984375 0.90234375 0.0125 0.0125
0 0.43828125 0.6265625 0.015625 0.01875
0 0.46796875 0.63046875 0.0125 0.015625
0 0.50390625 0.6296875 0.0109375 0.0125
0 0.47421875 0.50859375 0.0125 0.01875
0 0.50546875 0.5 0.0078125 0.0125
0 0.95546875 0.7375 0.0625 0.1265625
0 0.7703125 0.60859375 0.0375 0.115625