0 0.7484375 0.56484375 0.021875 0.0078125
0 0.83125 0.43515625 0.021875 0.0296875
0 0.98125 0.56171875 0.021875 0.0140625
0 0.7859375 0.27734375 0.025 0.0296875
0 0.78203125 0.2171875 0.0265625 0.034375
0 0.7390625 0.140625 0.0265625 0.0296875
0 0.93125 0.0109375 0.01875 0.021875
0 0.99453125 0.0609375 0.0109375 0.01875
0 0.96640625 0.03046875 0.025 0.0296875
0 0.58671875 0.3 0.01875 0.01875
0 0.54453125 0.22109375 0.015625 0.021875
0 0.521875 0.178125 0.01875 0.021875
0 0.44453125 0.05234375 0.01875 0.028125
0 0.4234375 0.0203125 0.0265625 0.0359375
0 0.3921875 0.33671875 0.00625 0.0328125
0 0.4078125 0.37421875 0.01875 0.0265625