0 0.99609375 0.4984375 0.0078125 0.01875
0 0.984375 0.559375 0.015625 0.015625
0 0.96796875 0.6203125 0.015625 0.0125
0 0.95546875 0.6796875 0.015625 0.015625
0 0.925 0.78125 0.01875 0.01875
0 0.9078125 0.8328125 0.01875 0.01875
0 0.89375 0.88515625 0.015625 0.015625
0 0.88046875 0.9359375 0.015625 0.015625
0 0.86484375 0.9890625 0.015625 0.01875
0 0.5734375 0.390625 0.015625 0.003125
0 0.5734375 0.42578125 0.0140625 0.015625
0 0.57265625 0.46640625 0.0125 0.015625
0 0.57109375 0.51015625 0.0140625 0.0125
0 0.56796875 0.55234375 0.015625 0.015625
0 0.56875 0.59375 0.01875 0.01875
0 0.5734375 0.63671875 0.015625 0.01875
0 0.56484375 0.6765625 0.015625 0.01875
0 0.57265625 0.71875 0.015625 0.021875
0 0.57890625 0.7609375 0.015625 0.015625
0 0.57734375 0.8015625 0.0125 0.015625
0 0.5765625 0.8453125 0.0125 0.015625
0 0.57734375 0.88671875 0.0125 0.015625
0 0.57109375 0.92890625 0.0125 0.015625
0 0.5734375 0.96875 0.0125 0.015625